==========================================================================================
state.cpp 中测试打印zero动作时的左右腿雅可比矩阵
-0.000292904            1  3.57811e-05  3.57811e-05  3.57811e-05            1            0            0            0            0            0            0
-0.000388753  -1.9998e-07     0.992594     0.992594     0.992594   3.0645e-08            0            0            0            0            0            0
           1  0.000292904    -0.121482    -0.121482    -0.121482  0.000294789            0            0            0            0            0            0
  -0.0624068 -1.82568e-05    -0.250382    -0.151358   -0.0523924  1.28825e-17            0            0            0            0            0            0
 3.22565e-07     0.259901  1.24016e-08   -0.0120261 -1.60557e-09  2.19822e-17            0            0            0            0            0            0
-1.82791e-05    0.0625079 -7.36458e-05   -0.0983064 -1.54447e-05 -1.38778e-17            0            0            0            0            0            0
           0            0            0            0            0            0            0            0            0  0.000292904  2.01402e-06      -0.7069
           0            0            0            0            0            0            0            0            0  0.000388753           -1  0.000273546
           0            0            0            0            0            0            0            0            0           -1 -0.000388752    -0.707314
           0            0            0            0            0            0            0            0            0    0.0262179     0.164527    0.0185445
           0            0            0            0            0            0            0            0            0     -0.29701 -0.000115151    -0.326411
           0            0            0            0            0            0            0            0            0 -0.000107784     0.297059   -0.0186599
==========================================================================================
read_urdf.cpp 中测试打印zero动作时的左右腿雅可比矩阵
         0          1          0          0          0          1
         0          0          1          1          1          0
         1          0          0          0          0          0
-0.0936182          0  -0.332392  -0.192392 -0.0523924          0
         0   0.332392          0          0          0          0
         0  0.0936182          0          0          0          0
         0          0          0          0          0          0         0         -1          0          0          0         -1
         0          0          0          0          0          0         0          0          1          1          1          0
         0          0          0          0          0          0        -1          0          0          0          0          0
         0          0          0          0          0          0-0.0936182          0  -0.332392  -0.192392 -0.0523924          0
         0          0          0          0          0          0         0  -0.332392          0          0          0          0
         0          0          0          0          0          0         0  0.0936182          0          0          0          0
==========================================================================================
Estimation_Operator.cpp 和 bool WalkStateEstimate::grfEstimating(Robot_Data* robotdata)函数 中测试打印zero动作时的左右腿雅可比矩阵
           0            0            0            1            0 -0.000292757 -0.000292757            1  3.54829e-05  3.54829e-05  3.54829e-05            1            0            0            0            0            0            0            0            0            0
           0            0            0 -1.32349e-23            1 -0.000388772 -0.000388772  8.15111e-08     0.992594     0.992594     0.992594  3.31802e-07            0            0            0            0            0            0            0            0            0
           0            0            0            0  0.000388772            1            1  0.000292757    -0.121479    -0.121479    -0.121479  0.000294803            0            0            0            0            0            0            0            0            0
           1            0            0  3.38813e-21    -0.259926    -0.102408   -0.0624075  -1.8321e-05    -0.250383    -0.151359   -0.0523924  -3.9905e-18            0            0            0            0            0            0            0            0            0
           0            1            0     0.259886  2.97086e-08  3.33008e-07  3.28455e-07     0.259901 -6.09273e-08   -0.0120258 -1.73839e-08 -5.05509e-18            0            0            0            0            0            0            0            0            0
           0            0            1     0.102509 -7.64165e-05 -2.99804e-05 -1.82701e-05    0.0625086 -7.36326e-05    -0.098306 -1.54454e-05 -1.38778e-17            0            0            0            0            0            0            0            0            0
           0            0            0            1            0 -0.000292757            0            0            0            0            0            0            0            0            0  0.000292757 -6.58479e-06    -0.706903    -0.706903    -0.706903     0.159103
           0            0            0 -1.32349e-23            1 -0.000388772            0            0            0            0            0            0            0            0            0  0.000388772           -1  0.000279639  0.000279639  0.000279639    -0.974309
           0            0            0            0  0.000388772            1            0            0            0            0            0            0            0            0            0           -1 -0.000388774    -0.707311    -0.707311    -0.707311    -0.159397
           1            0            0 -8.47033e-22    -0.164529    0.0137848            0            0            0            0            0            0            0            0            0    0.0262152     0.164529    0.0185415    0.0306103   0.00833582 -1.98523e-23
           0            1            0     0.164534  0.000115488      0.29701            0            0            0            0            0            0            0            0            0     -0.29701 -0.000116572    -0.326411     -0.18745   -0.0510464 -1.65436e-24
           0            0            1   -0.0137208    -0.297058  0.000119505            0            0            0            0            0            0            0            0            0 -0.000107795     0.297058   -0.0186599   -0.0306668  -0.00835119  6.61744e-24

-0.000292757            1  3.54829e-05  3.54829e-05  3.54829e-05            1            0            0            0            0            0            0
-0.000388772  8.15111e-08     0.992594     0.992594     0.992594  3.31802e-07            0            0            0            0            0            0
           1  0.000292757    -0.121479    -0.121479    -0.121479  0.000294803            0            0            0            0            0            0
  -0.0624075  -1.8321e-05    -0.250383    -0.151359   -0.0523924  -3.9905e-18            0            0            0            0            0            0
 3.28455e-07     0.259901 -6.09273e-08   -0.0120258 -1.73839e-08 -5.05509e-18            0            0            0            0            0            0
-1.82701e-05    0.0625086 -7.36326e-05    -0.098306 -1.54454e-05 -1.38778e-17            0            0            0            0            0            0
           0            0            0            0            0            0            0            0            0  0.000292757 -6.58479e-06    -0.706903
           0            0            0            0            0            0            0            0            0  0.000388772           -1  0.000279639
           0            0            0            0            0            0            0            0            0           -1 -0.000388774    -0.707311
           0            0            0            0            0            0            0            0            0    0.0262152     0.164529    0.0185415
           0            0            0            0            0            0            0            0            0     -0.29701 -0.000116572    -0.326411
           0            0            0            0            0            0            0            0            0 -0.000107795     0.297058   -0.0186599
grf2.20764e-05  -0.0846831  -0.0720595    -1.15128     1.09359     4.01328   0.0256174    -1.28448 3.27473e-05           0           0           0
==========================================================================================
结论：
    雅可比矩阵赋值不对，还是因为urdfreader导入DuckDuck模型的时候顺序搞反了，他妈的，搞得程序里面设计到相关的都得换，比如body_id, jacobi等等，
    明天的工作就是得把相关的都得换掉，看看还会不崩-20241018020054