-0.0573553708260690	0.206009989079178	0.0682637452815977	-0.0414694202827773	0.105441289171577	-0.970860517572347	-0.0869490082203422	0.0303092485730186	-0.109357241513709	0.698045666408089	-0.223358086954938
-0.0572386307224629	0.206085146801989	0.0682173203701379	-0.0414879894603125	0.105393736451633	-0.970846669103606	-0.0869697626959161	0.0305075454533911	-0.109368817179423	0.695098988036210	-0.223625439745373
-0.0571155919633551	0.206166295270351	0.0681670375075381	-0.0415070586745746	0.105342008517504	-0.970825343051099	-0.0869930193489883	0.0307109372440471	-0.109389539978813	0.691878941613217	-0.223910777439130
-0.0569854992203172	0.206252923115505	0.0681129216551575	-0.0415259680849827	0.105286380710358	-0.970802793960505	-0.0870192257022171	0.0309184935992541	-0.109420934774708	0.688364211054669	-0.224213941768497
-0.0568479410662505	0.206346613791771	0.0680524972543461	-0.0415457826909655	0.105226083369514	-0.970778506679897	-0.0870489408948971	0.0311269664264465	-0.109466230477605	0.684537261002198	-0.224534611620033
-0.0567027972453909	0.206447905831766	0.0679848410721800	-0.0415662781863423	0.105161053837837	-0.970751092497333	-0.0870829714108966	0.0313345520888493	-0.109528587655629	0.680357582235604	-0.224873926798462
-0.0565490422550465	0.206556472200288	0.0679100960322863	-0.0415867767274490	0.105091667690569	-0.970723400642739	-0.0871218053232925	0.0315398953232802	-0.109609996578892	0.675822240283096	-0.225230515190125
-0.0563865371385347	0.206672550585444	0.0678273989200178	-0.0416079264857070	0.105017437017627	-0.970702824223653	-0.0871652353893625	0.0317425704086300	-0.109711050084886	0.670920495194429	-0.225605090888206
-0.0562147204249702	0.206799009466868	0.0677328827075989	-0.0416306463572344	0.104937551704221	-0.970675987241682	-0.0872146933715923	0.0319362927138477	-0.109838624999754	0.665617704994991	-0.225998265880756
-0.0560331910568426	0.206935475220882	0.0676270703832859	-0.0416540791149954	0.104852412919610	-0.970637511402887	-0.0872710048027136	0.0321201020609383	-0.109995395215806	0.659890101763589	-0.226410874478286
-0.0558413177987161	0.207081717479441	0.0675097578710178	-0.0416785107009595	0.104761733075981	-0.970588088050577	-0.0873340316713414	0.0322920527384783	-0.110185030850822	0.653732552587169	-0.226840424241044
-0.0556392550878013	0.207240359572098	0.0673788675589381	-0.0417050069069649	0.104664702792363	-0.970530808194909	-0.0874038021695524	0.0324473349258032	-0.110412104628710	0.647104134300373	-0.227289862840109
-0.0554262355688778	0.207412993347623	0.0672331771665612	-0.0417338986779497	0.104560885136580	-0.970460423909834	-0.0874809692224618	0.0325806584365390	-0.110683273104015	0.639979566866714	-0.227756695180296
-0.0552025211367172	0.207599702604433	0.0670738938916195	-0.0417653743762652	0.104450182358771	-0.970380048167629	-0.0875649636513283	0.0326911162090528	-0.110999792442499	0.632327736202105	-0.228243718178343
-0.0549679614735486	0.207801797598200	0.0669005317154162	-0.0417999513790012	0.104332225561539	-0.970292051013134	-0.0876555582913935	0.0327744223211905	-0.111366696983645	0.624130538736437	-0.228748266472188
-0.0547225896904457	0.208021762576430	0.0667120694278458	-0.0418382180656802	0.104206753782768	-0.970192366105517	-0.0877535836052494	0.0328255512381166	-0.111789161360331	0.615334046446753	-0.229276930507281
-0.0544657316562468	0.208260079168427	0.0665083925831935	-0.0418804758617800	0.104073637915336	-0.970073843890932	-0.0878598145422900	0.0328408378234088	-0.112272618601017	0.605922708952913	-0.229828157005429
-0.0541975597389554	0.208517177900802	0.0662886485646751	-0.0419267230706411	0.103932692846204	-0.969935379041866	-0.0879749195012647	0.0328165339853267	-0.112822107841731	0.595854966853622	-0.230406216044832
-0.0539175786930212	0.208796297155046	0.0660527091508655	-0.0419779551010749	0.103783828864552	-0.969773141739482	-0.0881003782846296	0.0327454867637724	-0.113444580527358	0.585112306513631	-0.231009397252083
-0.0536256079618343	0.209099527097320	0.0657998785709254	-0.0420345705782415	0.103626945729387	-0.969583871095112	-0.0882375490356154	0.0326215080910166	-0.114146285746668	0.573654245903621	-0.231642323368306
-0.0533214125035833	0.209427782508484	0.0655292740096633	-0.0420954962609349	0.103462208312020	-0.969366202496585	-0.0883873744807697	0.0324385913785395	-0.114933998935018	0.561461064405336	-0.232302431214228
-0.0530053314234265	0.209785400874761	0.0652407856259914	-0.0421628519531797	0.103289074920911	-0.969116185784815	-0.0885511859349155	0.0321877085310972	-0.115815532174696	0.548502405879925	-0.232990857362475
-0.0526770692051798	0.210173631943566	0.0649327659061679	-0.0422359817910453	0.103107836706254	-0.968826341811686	-0.0887309955819120	0.0318605428965600	-0.116799158553211	0.534756780377382	-0.233703756221051
-0.0523364973242028	0.210595384682976	0.0646049255288966	-0.0423169704443561	0.102917862029523	-0.968497500939552	-0.0889267702048140	0.0314481666465980	-0.117893336466554	0.520195963632932	-0.234445706491114
-0.0519836228609817	0.211052995534215	0.0642568347285094	-0.0424067751566637	0.102719018644935	-0.968126374542848	-0.0891391834862157	0.0309410557527404	-0.119107230194292	0.504800377683326	-0.235212806024681
-0.0516183161223637	0.211550175443107	0.0638885582117491	-0.0425078531389650	0.102510973272420	-0.967707217825989	-0.0893694191225418	0.0303283871182218	-0.120450335948396	0.488547062617579	-0.236010548588482
-0.0512409213055174	0.212087705715263	0.0634994743146315	-0.0426198546321882	0.102294167611829	-0.967236090350026	-0.0896183759830988	0.0296006725420404	-0.121931954362697	0.471420419933039	-0.236839435322509
-0.0508515225862758	0.212670674844069	0.0630910459844286	-0.0427456301708117	0.102068437063827	-0.966707400870394	-0.0898874957858102	0.0287459022313835	-0.123562568049275	0.453403836345242	-0.237704515522701
-0.0504505571644568	0.213299960802475	0.0626629991481574	-0.0428847316116379	0.101834507057676	-0.966119128566929	-0.0901771397627866	0.0277535810386340	-0.125352048386439	0.434491844190791	-0.238602690290433
-0.0500381250701928	0.213978472154901	0.0622160590676950	-0.0430386619103276	0.101592781655782	-0.965467945066276	-0.0904882257272105	0.0266118965909944	-0.127310767586530	0.414678388714639	-0.239538345871986
-0.0496149886026848	0.214707087974773	0.0617499439413967	-0.0432082891862357	0.101343593172229	-0.964751859851193	-0.0908212357593569	0.0253094477695306	-0.129448943955212	0.393963452939237	-0.240504010862498
-0.0491808077517585	0.215492062607742	0.0612678263463967	-0.0433961436871929	0.101087422070639	-0.963964843327035	-0.0911769423794276	0.0238323834530393	-0.131778300730603	0.372351465925327	-0.241504821707332
-0.0487361356056768	0.216333639670526	0.0607694008028958	-0.0436018107645638	0.100825076033340	-0.963100713700061	-0.0915561370124705	0.0221685503902533	-0.134309028528046	0.349852361657106	-0.242540996613857
-0.0482816570814842	0.217238200681780	0.0602584365610095	-0.0438299168918654	0.100556714904043	-0.962153697467137	-0.0919595322152709	0.0203032779586936	-0.137053102807931	0.326477402714372	-0.243614556363635
-0.0478185062790574	0.218209637857942	0.0597373111450579	-0.0440826081904894	0.100283026576875	-0.961116169530485	-0.0923880395757315	0.0182225206309595	-0.140021676603250	0.302244274205604	-0.244726845332350
-0.0473470710496677	0.219254158959096	0.0592100456282480	-0.0443629276549062	0.100004955134078	-0.959979346274049	-0.0928426546522797	0.0159113121856668	-0.143226401623350	0.277177283156009	-0.245883653065923
-0.0468678591915152	0.220373027392380	0.0586779511439832	-0.0446726182356864	0.0997233186876885	-0.958737568972065	-0.0933239520716566	0.0133561751867054	-0.146676996493994	0.251303609622219	-0.247082442120105
-0.0463824863791547	0.221573477877074	0.0581463430068717	-0.0450160417818875	0.0994388002275148	-0.957386699608745	-0.0938314029498805	0.0105421528547036	-0.150384756879741	0.224655842456381	-0.248325484142748
-0.0458921872418080	0.222855099362130	0.0576157129815401	-0.0453897748904398	0.0991530587316452	-0.955916687601840	-0.0943666140704151	0.00745769469278776	-0.154357058367706	0.197276762274291	-0.249613763833681
-0.0453981921661860	0.224217433100632	0.0570875051091647	-0.0457921929359326	0.0988674714772772	-0.954319847126980	-0.0949301847053714	0.00409086789297151	-0.158601543978569	0.169213769778965	-0.250949750509167
-0.0449021265918043	0.225662162351513	0.0565647562375721	-0.0462238933659015	0.0985831883716471	-0.952587454661977	-0.0955234658132116	0.000428896904724641	-0.163126011145506	0.140516064178113	-0.252334940989145
-0.0444061062373980	0.227201514662710	0.0560582623723206	-0.0466981802861911	0.0983002677814476	-0.950726954376784	-0.0961430426830373	-0.00354484235712224	-0.167942692054016	0.111230168585847	-0.253772615735508
-0.0439110181185456	0.228839367122721	0.0555736546822009	-0.0472156635995269	0.0980201075853533	-0.948723395425334	-0.0967908096333776	-0.00784340279190258	-0.173059358832213	0.0814118755072973	-0.255265274983550
-0.0434179923789199	0.230581827468676	0.0551187127756400	-0.0477820463170621	0.0977437011788341	-0.946569106626138	-0.0974670177637561	-0.0124801789850499	-0.178484392721674	0.0511206306234404	-0.256816951672186
-0.0429297651796675	0.232435272015585	0.0547011506909654	-0.0484017325734229	0.0974721102473554	-0.944254328830159	-0.0981728644794111	-0.0174677797378434	-0.184224632209810	0.0204192837901745	-0.258430792110316
-0.0424483891820701	0.234435319367814	0.0543172775462661	-0.0490889137440473	0.0971983082461456	-0.941754068609847	-0.0989160639442902	-0.0228639003470428	-0.190361722174357	-0.0113123984825707	-0.260149895833795
-0.0419761138755731	0.236551259816481	0.0539842159774558	-0.0498293480751924	0.0969335953084754	-0.939076973771887	-0.0996882250116578	-0.0286349169467185	-0.196822694497649	-0.0432752728891650	-0.261936723380457
-0.0415152682252676	0.238787767423899	0.0537099078883817	-0.0506286981407113	0.0966791150869220	-0.936227972009655	-0.100486580670756	-0.0347893009897580	-0.203610370111242	-0.0753964892344167	-0.263796025666069
-0.0410688483239944	0.241149991345085	0.0535030836644990	-0.0514922792936423	0.0964359385351483	-0.933206788898674	-0.101309885868370	-0.0413329512967986	-0.210726447025613	-0.107607234293766	-0.265731184281752
-0.0406382442887363	0.243642738160455	0.0533735630769807	-0.0524229991518554	0.0962058980889514	-0.930015009589936	-0.102155042581042	-0.0482766348385620	-0.218172972333200	-0.139829344078891	-0.267748314674360
-0.0402253077324031	0.246266171293027	0.0533272874898654	-0.0534207596314921	0.0959907517688438	-0.926647934757537	-0.103022531296425	-0.0556253923444597	-0.225946934572915	-0.171986950151106	-0.269851787881136
-0.0398331875910599	0.249021659009509	0.0533712143304456	-0.0544877131141587	0.0957916549832273	-0.923103247759447	-0.103910962603396	-0.0633813744234267	-0.234045017844443	-0.204006591985423	-0.272046088124183
-0.0394641352206573	0.251914289977424	0.0535163022459351	-0.0556254233771064	0.0956104494598118	-0.919377080440710	-0.104818723388523	-0.0715530071049725	-0.242465042609022	-0.235809223906143	-0.274337280494337
-0.0391218921509077	0.254947305338164	0.0537716495691307	-0.0568336969872017	0.0954490017948736	-0.915459771975559	-0.105746350706590	-0.0801456909569009	-0.251202720590888	-0.267314963661398	-0.276731970688494
-0.0388096396898115	0.258123211815539	0.0541464926599864	-0.0581161664908842	0.0953081058274667	-0.911357686552523	-0.106689493348482	-0.0891566463542661	-0.260253001493608	-0.298453040273725	-0.279235349927667
-0.0385297285746831	0.261445346404770	0.0546509323607939	-0.0594738739123721	0.0951890324590596	-0.907062556436510	-0.107648627161761	-0.0985909000941892	-0.269609030328964	-0.329152995829401	-0.281851835627772
-0.0382833074845623	0.264917225916829	0.0552964635891226	-0.0609076537696177	0.0950933115690582	-0.902583998178816	-0.108617872577081	-0.108452217991176	-0.279263889392574	-0.359342819354770	-0.284587039618167
-0.0380728796442902	0.268537337376199	0.0560896368125764	-0.0624176784055752	0.0950216202252179	-0.897926691338830	-0.109594323580336	-0.118736648823604	-0.289206743477518	-0.388958450002944	-0.287444326081387
-0.0378992539157050	0.272303090236735	0.0570370077111167	-0.0640040809660569	0.0949748252071789	-0.893100070678642	-0.110573038507456	-0.129443167793737	-0.299425067578194	-0.417940081903597	-0.290425705130733
-0.0377654668517439	0.276218101097150	0.0581504955673920	-0.0656653909659289	0.0949541947796254	-0.888099417753543	-0.111552832781581	-0.140572039555921	-0.309908470774040	-0.446219887392721	-0.293535293501339
-0.0376651132696904	0.280282214169958	0.0594386493083739	-0.0674006291339862	0.0949609085600115	-0.882938546225413	-0.112527849022083	-0.152117354408773	-0.320644905679075	-0.473734775616494	-0.296776994967699
-0.0376188777034884	0.284496344834352	0.0609103852413670	-0.0692079109731193	0.0949960535738357	-0.877613503275467	-0.113498056305279	-0.164074805685541	-0.331621021373296	-0.500425537252254	-0.300153465300461
-0.0376302038167721	0.288858752249936	0.0625741347657732	-0.0710851543318018	0.0950607166576958	-0.872128385775647	-0.114460984382568	-0.176439286900324	-0.342822746937039	-0.526236347386044	-0.303666907836400
-0.0377035248177562	0.293370111610064	0.0644402624492077	-0.0730293657281740	0.0951561233027243	-0.866477646352768	-0.115415719634072	-0.189205152867858	-0.354236810950960	-0.551110282516099	-0.307320494237365
-0.0378419736506258	0.298025643958398	0.0665136677275472	-0.0750373832867341	0.0952828285853584	-0.860688205407660	-0.116355926786655	-0.202364432273224	-0.365844632308749	-0.575005305035589	-0.311113678014362
-0.0380423906294238	0.302821320198396	0.0687997204368109	-0.0771030523339987	0.0954415155663352	-0.854767776943272	-0.117277867644748	-0.215908535242521	-0.377627784245983	-0.597875513280788	-0.315047160139144
-0.0383072076732368	0.307755000284316	0.0713071235913902	-0.0792237405697106	0.0956327558440885	-0.848726438807984	-0.118177768421694	-0.229828549847090	-0.389570236447441	-0.619683093461704	-0.319120585450601
-0.0386420231306923	0.312821512326568	0.0740405300768886	-0.0813921261317666	0.0958571914167906	-0.842572275684509	-0.119051521798418	-0.244114567940646	-0.401651933581520	-0.640390989890503	-0.323332787574584
-0.0390498176069696	0.318019528066701	0.0770082498662561	-0.0836055423187231	0.0961153214708949	-0.836322157202697	-0.119894140448925	-0.258755833497450	-0.413856416572542	-0.659971520209260	-0.327681718146248
-0.0395332393491969	0.323345803559284	0.0802159009109692	-0.0858623536472295	0.0964075107931540	-0.830022896048532	-0.120698176293208	-0.273740230711299	-0.426166412228541	-0.678401391906972	-0.332164089967549
-0.0400964921918926	0.328792515440444	0.0836658380608185	-0.0881575130352869	0.0967340489716319	-0.823713368518713	-0.121457757074908	-0.289057296256467	-0.438560180645629	-0.695651220190989	-0.336776291820181
-0.0407426509638278	0.334349879114600	0.0873564015397401	-0.0904734330426478	0.0970956097626917	-0.817360849341237	-0.122173381153584	-0.304693195040188	-0.451014002597462	-0.711696508397943	-0.341514047185281
-0.0414724920548533	0.340013002826669	0.0912897349568204	-0.0928035344898159	0.0974923395949330	-0.810971324827143	-0.122842074050124	-0.320633114087581	-0.463508320606745	-0.726517114679467	-0.346372697125916
-0.0422883717020489	0.345770979309200	0.0954619195207498	-0.0951294915128519	0.0979243943105262	-0.804519388641172	-0.123462243358775	-0.336863647168130	-0.476015569636097	-0.740094920882534	-0.351346391803757
-0.0431930692946392	0.351617227261827	0.0998747888840056	-0.0974375133445107	0.0983918566885038	-0.798012588917810	-0.124030791883234	-0.353371300907729	-0.488514119397378	-0.752413603479094	-0.356429491408951
-0.0441887801965303	0.357557259766719	0.104546317542229	-0.0997279809492620	0.0988947618100160	-0.791455874188347	-0.124545619775375	-0.370143073700833	-0.500998776587342	-0.763475719150009	-0.361615267367242
-0.0452777092648911	0.363585922198053	0.109480773904299	-0.101999435142016	0.0994326744842366	-0.784909250691373	-0.124998643703673	-0.387165034206331	-0.513453120550397	-0.773277221338249	-0.366896460091603
-0.0464614647000501	0.369692679721517	0.114678702863136	-0.104242349296444	0.100005418934896	-0.778378280132544	-0.125386354982581	-0.404423841794275	-0.525860271437616	-0.781818573460483	-0.372264943283502
-0.0477427376033358	0.375871439991548	0.120143372401371	-0.106454010163244	0.100612565868441	-0.771956831705462	-0.125697665805434	-0.421903351387049	-0.538207711412196	-0.789104969664013	-0.377713353787313
-0.0491231247412509	0.382113823836465	0.125873802077266	-0.108628436459792	0.101253663328117	-0.765613598701326	-0.125935459831735	-0.439588598502539	-0.550477879950939	-0.795132292586769	-0.383232686081877
-0.0506040171452283	0.388400996646245	0.131851198705808	-0.110747680318036	0.101928031294651	-0.759359318432470	-0.126096826683238	-0.457460002196713	-0.562641150714154	-0.799899994626067	-0.388814161147059
-0.0521867213549790	0.394723038819383	0.138072037991328	-0.112800951139555	0.102635285894889	-0.753220169050463	-0.126178200813492	-0.475499583202444	-0.574679691818301	-0.803415579697084	-0.394448944041472
-0.0538727240876957	0.401078000197703	0.144541008275088	-0.114773042273789	0.103375184036040	-0.747250841164509	-0.126174625286893	-0.493690108376069	-0.586582297774144	-0.805690092064496	-0.400128381948278
-0.0556616024223497	0.407457402148804	0.151254841805891	-0.116652247033506	0.104147254361363	-0.741413467161528	-0.126087219447512	-0.512014657999688	-0.598331392666885	-0.806735343265941	-0.405842758169741
-0.0575531120553979	0.413852360416830	0.158209299187548	-0.118424153269085	0.104950971354636	-0.735670253921315	-0.125916523891524	-0.530454227518577	-0.609912613905935	-0.806573527423870	-0.411583766514678
-0.0595483168192221	0.420257325825214	0.165403808425590	-0.120076248172841	0.105785693014603	-0.729991375961552	-0.125664246386444	-0.548991049752149	-0.621315377314308	-0.805223131640615	-0.417342678371205
-0.0616474861918474	0.426665932830900	0.172834250225436	-0.121598550470675	0.106650380455815	-0.724396725720033	-0.125330505809197	-0.567608006640733	-0.632525031072974	-0.802706739330870	-0.423110224696110
-0.0638507620391324	0.433068429695759	0.180490465162047	-0.122986216989637	0.107543511580994	-0.718978320870062	-0.124909220961741	-0.586286493229101	-0.643523587283022	-0.799045560873109	-0.428877044314896
-0.0661542889964448	0.439457106018454	0.188366371434190	-0.124231429656150	0.108463672379736	-0.713751843633830	-0.124399149676804	-0.605007502735262	-0.654301350533434	-0.794258239984899	-0.434635125932641
-0.0685582198643453	0.445825436888924	0.196456319738923	-0.125322462783810	0.109409325905524	-0.708751996373396	-0.123798123386428	-0.623752465386796	-0.664848501320418	-0.788376456570895	-0.440377182014134
-0.0710617447297361	0.452165489335645	0.204753137054758	-0.126250511737528	0.110378732362406	-0.703996466322650	-0.123105603857535	-0.642502463895103	-0.675151584488582	-0.781416545198078	-0.446094977862554
-0.0736637928815365	0.458470765679486	0.213249209801096	-0.127007692869006	0.111369772171642	-0.699469502521918	-0.122323556479802	-0.661238471026132	-0.685202901836998	-0.773403388731038	-0.451783042403536
-0.0763630668702213	0.464734897213305	0.221935679290025	-0.127586459870306	0.112380371382433	-0.695097521173912	-0.121457376695172	-0.679940573969047	-0.694993090817749	-0.764362052070788	-0.457436483126459
-0.0791580519540138	0.470951901043163	0.230807265214686	-0.127976550572310	0.113408912415092	-0.690924963529065	-0.120505573921512	-0.698589057875985	-0.704515252556961	-0.754320781529752	-0.463051467613816
-0.0820470286479892	0.477116289470636	0.239855662522032	-0.128174054001861	0.114453238774715	-0.686944421626857	-0.119470400219405	-0.717164876128801	-0.713762217319608	-0.743296314546470	-0.468623643267596
-0.0850280698794183	0.483223979255427	0.249071858734506	-0.128173614304175	0.115510997516856	-0.683208785924621	-0.118350245157364	-0.735649444731003	-0.722729023443374	-0.731327230921628	-0.474151419754293
-0.0880991671982167	0.489270596248468	0.258447224925306	-0.127970424591025	0.116580327079176	-0.679766442317698	-0.117145719524541	-0.754025288416638	-0.731412832880417	-0.718447661172617	-0.479632040365657
-0.0912580566435330	0.495250912353875	0.267975518797704	-0.127560963362736	0.117659327235664	-0.676652996904263	-0.115859093698668	-0.772272120669801	-0.739808628982801	-0.704676321433912	-0.485063827226143
-0.0945023066636326	0.501160724146427	0.277643936105137	-0.126940933975965	0.118745157489940	-0.673795804649384	-0.114498321206498	-0.790372343090310	-0.747912698230511	-0.690042924380305	-0.490444608428963
-0.0978292883421348	0.506996031118919	0.287440766513952	-0.126108050804303	0.119835448432684	-0.671194491302236	-0.113067909983799	-0.808308299401378	-0.755722687365799	-0.674592300315590	-0.495774558634113
-0.101236164036940	0.512753898342109	0.297358367452238	-0.125059011868798	0.120927556504049	-0.668760716951877	-0.111575961748762	-0.826062491769516	-0.763238941623743	-0.658332663760381	-0.501054388474419
-0.104719817640058	0.518431818095651	0.307387162049936	-0.123792016071297	0.122018771109400	-0.666532695886474	-0.110025469626833	-0.843617112846563	-0.770460699760078	-0.641291308022697	-0.506288171232163
-0.108277015095477	0.524029066819665	0.317515759886219	-0.122305439377698	0.123106342493092	-0.664459800541852	-0.108424785199960	-0.860958443991141	-0.777392659798012	-0.623492127940040	-0.511476840627948
-0.111904323293543	0.529544276433498	0.327733760465204	-0.120602793849636	0.124187847826603	-0.662581132864681	-0.106776973696350	-0.878071430183870	-0.784037771109698	-0.604965268845842	-0.516627683617768
-0.115598094817390	0.534976469438524	0.338031937720787	-0.118686688059620	0.125260744441307	-0.660909781569210	-0.105086304971120	-0.894940689319374	-0.790397878633712	-0.585715361097969	-0.521742097898144
-0.119354547703327	0.540325253149795	0.348398234593936	-0.116558908290152	0.126322946846350	-0.659482503582771	-0.103356246394231	-0.911552778810441	-0.796476568462122	-0.565784638411898	-0.526826129064979
-0.123169544948620	0.545591113235229	0.358821879390178	-0.114223230350813	0.127371995674375	-0.658253131600849	-0.101595404896216	-0.927895494117998	-0.802278203391239	-0.545189425457482	-0.531883403331796
-0.127038897535041	0.550772766544049	0.369291651403641	-0.111683947660610	0.128405079297316	-0.657243445168979	-0.0998076923205517	-0.943954891830763	-0.807806160448885	-0.523964082849056	-0.536923525467473
-0.130958754843513	0.555870856884663	0.379797664118407	-0.108946389241967	0.129419476526569	-0.656445175626656	-0.0979991305633675	-0.959718373482108	-0.813064907192677	-0.502125201364413	-0.541951131537612
-0.134924849553974	0.560886467494987	0.390329504215447	-0.106012626154215	0.130411887900448	-0.655817339991966	-0.0961770350599867	-0.975174940168517	-0.818060714121182	-0.479703803020766	-0.546978814301269
-0.138932587031441	0.565819886909637	0.400877746285490	-0.102890330035383	0.131379535656671	-0.655352220411662	-0.0943471319715062	-0.990313577299410	-0.822800266674789	-0.456722358670400	-0.552015746773945
-0.142977503116516	0.570673825540193	0.411433844529875	-0.0995877533233214	0.132319367433273	-0.655044727876847	-0.0925146922165828	-1.00512418049034	-0.827289883774310	-0.433209480768587	-0.557076150674559
-0.147055495434498	0.575449796467124	0.421988077622401	-0.0961115133644263	0.133229368865776	-0.654876285403140	-0.0906872043933090	-1.01959753206908	-0.831536363896043	-0.409187225737084	-0.562166703754125
-0.151161463933006	0.580150528165220	0.432531444405415	-0.0924670297515984	0.134106837464695	-0.654829133643251	-0.0888712716896708	-1.03372555339658	-0.835546217001837	-0.384683266148132	-0.567302322222900
-0.155290428926209	0.584778258837560	0.443055137274413	-0.0886655178527745	0.134949620069359	-0.654932202159955	-0.0870708039147588	-1.04750145699930	-0.839326572910179	-0.359720345972465	-0.572489151742026
-0.159437997983248	0.589336173603180	0.453549541577804	-0.0847136408721619	0.135754644390490	-0.655190190946717	-0.0852904141805537	-1.06091909959341	-0.842883734800220	-0.334324755642470	-0.577739099888998
-0.163599497257883	0.593824519570061	0.464004267987613	-0.0806186899521028	0.136519475368493	-0.655617413532216	-0.0835339225393965	-1.07397280274278	-0.846224235367161	-0.308519213891224	-0.583060017578943
-0.167769677915573	0.598247540032133	0.474410504782580	-0.0763907821552388	0.137240993905254	-0.656222735194364	-0.0818058663945668	-1.08665933394937	-0.849354994154158	-0.282332903753827	-0.588467854090180
-0.171943721598711	0.602607742618428	0.484758679424759	-0.0720381642852370	0.137916524562490	-0.656958541168987	-0.0801124023115196	-1.09897583267149	-0.852282838905861	-0.255790691328761	-0.593971033343730
-0.176116993818641	0.606909519412015	0.495040257516047	-0.0675693649114034	0.138543599821118	-0.657857001536586	-0.0784561947376814	-1.11092054237972	-0.855014242790834	-0.228919014106754	-0.599588610359117
-0.180284417495979	0.611152780455485	0.505244211125624	-0.0629952954250951	0.139119972731905	-0.658889757036988	-0.0768418278959014	-1.12249095402471	-0.857554404581316	-0.201744498565798	-0.605326374274583
-0.184441023331484	0.615343503167838	0.515363465182472	-0.0583252501630265	0.139642697911266	-0.659976140072569	-0.0752745281106496	-1.13368701782572	-0.859909382382223	-0.174294192201629	-0.611195250769023
-0.188582324199713	0.619481270780569	0.525387466018622	-0.0535653062429480	0.140109758450047	-0.661079718466125	-0.0737584548216986	-1.14450775529735	-0.862083747744442	-0.146591971320313	-0.617203888945162
-0.192703683138887	0.623569088990579	0.535308233176191	-0.0487249304853605	0.140518875062148	-0.662198592780712	-0.0722966583386523	-1.15495420656200	-0.864082984051103	-0.118662644550721	-0.623361934503498
-0.196800365526464	0.627607487777273	0.545116709032167	-0.0438122093354366	0.140867778115677	-0.663324786591056	-0.0708916610606841	-1.16502841940653	-0.865912709517281	-0.0905320918705307	-0.629675139705573
-0.200868219352233	0.631602100262312	0.554807033919472	-0.0388358349248488	0.141154683709445	-0.664530511628355	-0.0695386998512985	-1.17473278287166	-0.867577667996047	-0.0622259227080757	-0.636156305429145
-0.204902642480624	0.635552057981091	0.564369609776664	-0.0338039558714967	0.141378252583337	-0.665845955128881	-0.0682377014339720	-1.18407041089241	-0.869081929262359	-0.0337691786651126	-0.642812898745367
-0.208899390943744	0.639464700684255	0.573800521897785	-0.0287299070203669	0.141536235723120	-0.667305416697432	-0.0669862890233371	-1.19304791717597	-0.870432149065992	-0.00519161292732963	-0.649653072163142
-0.212854226338481	0.643345598832183	0.583094508008763	-0.0236259003609465	0.141626946390320	-0.668981312269269	-0.0657824973568160	-1.20167165862542	-0.871633554814483	0.0234779878762292	-0.656682473316125
-0.216763173454947	0.647198044539161	0.592245350129429	-0.0184998932366283	0.141649193055778	-0.670867420345313	-0.0646270628425196	-1.20994752231776	-0.872690471966216	0.0522145979971793	-0.663907285885980
-0.220621890055562	0.651015608401250	0.601240537923915	-0.0133489263425245	0.141602588681227	-0.672804591702335	-0.0635273267557080	-1.21787914286491	-0.873603477201415	0.0809999247673528	-0.671331385411923
-0.224426808345251	0.654801241335382	0.610074391436661	-0.00818395776260984	0.141485114544102	-0.674808957557681	-0.0624796944770794	-1.22547133590172	-0.874373876525239	0.109806563293089	-0.678957106908330
-0.228173824796337	0.658554598177066	0.618739651986344	-0.00301031762495940	0.141295686760065	-0.676864662903559	-0.0614836403185497	-1.23273060847479	-0.875003751268142	0.138608757171269	-0.686785395587327
-0.231859334079866	0.662276144229814	0.627230628460847	0.00216627340435421	0.141034169952559	-0.678969179243136	-0.0605381252408200	-1.23966382262724	-0.875495432747241	0.167380125010617	-0.694817178139001
-0.235479808233596	0.665964637500277	0.635540304072650	0.00734149323023956	0.140699761549245	-0.681117213665573	-0.0596445725496527	-1.24627613611294	-0.875847569997627	0.196092778007033	-0.703049921930804
-0.239032429536544	0.669629876650116	0.643670759924347	0.0124977323563061	0.140290839121963	-0.683319618505276	-0.0587982406564225	-1.25257874666640	-0.876067643103174	0.224712639065075	-0.711482253068979
-0.242513958840502	0.673271390031891	0.651617691600191	0.0176324963359535	0.139808125666248	-0.685564819088906	-0.0579991291177271	-1.25858188011580	-0.876159789669013	0.253213264812905	-0.720111632569411
-0.245921889125223	0.676889300215237	0.659377539923055	0.0227419438382641	0.139252122198962	-0.687846109096955	-0.0572420487098148	-1.26429471797458	-0.876125402704558	0.281570200314330	-0.728934298396942
-0.249253684161440	0.680484202470840	0.666946481631568	0.0278180464923052	0.138621455869872	-0.690162419458483	-0.0565243648743486	-1.26972193469234	-0.875965391534317	0.309751106991381	-0.737942712570247
-0.252507084345757	0.684059886774530	0.674324858951300	0.0328518436073481	0.137916336125012	-0.692515420632202	-0.0558407328539084	-1.27487356510313	-0.875685128104440	0.337727561351178	-0.747130678212164
-0.255679640997677	0.687617791535528	0.681512114409103	0.0378375336343790	0.137137681857493	-0.694897171629897	-0.0551878447112489	-1.27976047549005	-0.875287690773008	0.365473022648874	-0.756489874827315
-0.258769685570081	0.691156078357701	0.688504445740368	0.0427686611592812	0.136285666407240	-0.697292634459461	-0.0545639147267737	-1.28438689085995	-0.874773460582097	0.392955498072346	-0.766008993348651
-0.261775652009815	0.694674704638121	0.695300752056686	0.0476377030307466	0.135361120436299	-0.699717633555722	-0.0539676753398847	-1.28876048180692	-0.874144902167742	0.420143669205773	-0.775675722460099
-0.264696121039915	0.698173032411995	0.701900457157059	0.0524419179198541	0.134366732888722	-0.702167898402591	-0.0533999486958001	-1.29289431749774	-0.873403156873008	0.447013726088619	-0.785477807911667
-0.267530046767223	0.701649441802383	0.708302775415859	0.0571757471440511	0.133304252570529	-0.704642694778800	-0.0528563848709510	-1.29679315431055	-0.872550614444820	0.473540859191099	-0.795402896365455
-0.270276257929043	0.705102482528285	0.714506574336248	0.0618338891923902	0.132175336739862	-0.707134005566372	-0.0523387081071741	-1.30046247619378	-0.871588622189646	0.499696807694503	-0.805436192638213
-0.272934095633393	0.708535103640613	0.720515774913789	0.0664112418300001	0.130983171276459	-0.709657431876912	-0.0518452441355338	-1.30391409874152	-0.870521715262379	0.525459500451077	-0.815564133079774
-0.275502881366635	0.711949186902986	0.726334310204123	0.0709028241812853	0.129731060130937	-0.712215357153809	-0.0513758689108575	-1.30715540955015	-0.869354462856209	0.550807684046137	-0.825772666162871
-0.277982513821678	0.715339882914994	0.731961058191191	0.0753029909979893	0.128422062808929	-0.714804925433762	-0.0509272373723963	-1.31019190544244	-0.868088617079711	0.575710176699549	-0.836044340675288
-0.280372597643270	0.718706470607202	0.737398022602444	0.0796067710632785	0.127059865896178	-0.717401077179547	-0.0505012919154372	-1.31303447880396	-0.866726459651931	0.600140155712034	-0.846360507795214
-0.282673974649970	0.722046413763558	0.742647366915296	0.0838091233029604	0.125648632998393	-0.720023761320657	-0.0500936805873916	-1.31569098315819	-0.865271497494440	0.624073050292078	-0.856703132258663
-0.284886899674564	0.725359228033168	0.747712123326055	0.0879059326209530	0.124192507865221	-0.722670508118202	-0.0497029887380837	-1.31816898475936	-0.863727349230333	0.647485599128406	-0.867053812244627
-0.287011796601395	0.728641648151131	0.752593337433287	0.0918934396491861	0.122695285774215	-0.725337652052738	-0.0493266926342684	-1.32047554984005	-0.862096391411346	0.670352338170774	-0.877392649600915
-0.289048994307455	0.731894692288775	0.757298200232870	0.0957673405669891	0.121161810051864	-0.728027540575147	-0.0489666230884352	-1.32261913016762	-0.860385554843159	0.692660123463378	-0.887702729752480
-0.290999783667260	0.735117139951231	0.761831618011280	0.0995210930121373	0.119596991292455	-0.730794361381610	-0.0486205083321025	-1.32460744521022	-0.858600849355213	0.714389107213265	-0.897965197371462
-0.292865542842733	0.738305199128637	0.766194718274194	0.103153315662157	0.118006006943501	-0.733651164234994	-0.0482875879285014	-1.32644779064966	-0.856744965729092	0.735524987841130	-0.908161281187181
-0.294646895513477	0.741457557519718	0.770392632290017	0.106657582218926	0.116394172013369	-0.736605334587050	-0.0479682892883832	-1.32814763435506	-0.854824123387395	0.756051880450267	-0.918272265552277
-0.296345143918806	0.744568990363729	0.774426869897211	0.110033190773237	0.114767089750786	-0.739613675643101	-0.0476654498497160	-1.32971449417891	-0.852840843714009	0.775960383932002	-0.928279944812906
-0.297961849970902	0.747636125590492	0.778300042890515	0.113281483272650	0.113130351165780	-0.742637596805741	-0.0473825832153744	-1.33115642756037	-0.850798757776878	0.795243271626120	-0.938166634616219
-0.299498460794546	0.750659347350431	0.782018677043187	0.116400042743362	0.111489485960703	-0.745641067678371	-0.0471218807152678	-1.33247896158572	-0.848705755615303	0.813884685925540	-0.947914672129820
-0.300956262998719	0.753639313917780	0.785591459497170	0.119375644116989	0.109849826569167	-0.748679447332783	-0.0468788217948681	-1.33369008456095	-0.846570718014897	0.831873413955385	-0.957507115244794
-0.302337930474582	0.756570861892302	0.789021322138812	0.122208996408794	0.108217078894843	-0.751771807046859	-0.0466525297039634	-1.33479769158397	-0.844397854745697	0.849201943121764	-0.966927441902770
-0.303645990216939	0.759453638286154	0.792314689207486	0.124890638592854	0.106596778441317	-0.754980458093558	-0.0464402932859400	-1.33580753364687	-0.842198371933148	0.865864286651646	-0.976160250156155
-0.304881646648910	0.762282887290278	0.795471820169920	0.127417439057610	0.104994220090723	-0.758310721160252	-0.0462417996717423	-1.33672520357735	-0.839976923188458	0.881855440272160	-0.985190483568592
-0.306047049739071	0.765043583501432	0.798478940953918	0.129799912515892	0.103414338597027	-0.761785463920342	-0.0460548405927113	-1.33755552395472	-0.837723819579194	0.897186856545921	-0.994004406880767
-0.307144352536025	0.767731353584076	0.801336151305321	0.132046168621210	0.101862252379714	-0.765373496131900	-0.0458834704925369	-1.33830307352425	-0.835442790330663	0.911861031082268	-1.00258944312336
-0.308175814992971	0.770347597796428	0.804048101475764	0.134154962154877	0.100342383072423	-0.769077724091308	-0.0457283569957074	-1.33897198315778	-0.833139278926520	0.925882532504247	-1.01093452056164
-0.309143260856096	0.772889565978517	0.806616980903729	0.136131146031443	0.0988590167520621	-0.772798041052568	-0.0455983318278461	-1.33956835269138	-0.830815822891076	0.939254852162011	-1.01902911129758
-0.310050181091460	0.775355233858738	0.809047242909814	0.137975949844597	0.0974162607515227	-0.776581964205445	-0.0454868727831544	-1.34009706952095	-0.828480492387050	0.951983165740645	-1.02686444519026
-0.310899562268415	0.777751290496385	0.811357712045819	0.139681379834163	0.0960182465652105	-0.780404904243932	-0.0453955365704963	-1.34056591532016	-0.826152129915640	0.964070408850112	-1.03443297475268
-0.311693209190120	0.780073815734350	0.813549822019822	0.141247778974016	0.0946685109704099	-0.784238731044946	-0.0453265042390050	-1.34098014414495	-0.823836623392331	0.975525601788051	-1.04172797012619
-0.312433919158024	0.782312205998699	0.815615959539577	0.142674042623286	0.0933705475751101	-0.788057344286187	-0.0452813524986746	-1.34134369564550	-0.821534002790099	0.986361083077742	-1.04874353867833
-0.313123141576431	0.784464037527799	0.817556896928820	0.143961630993112	0.0921272657193421	-0.791976382196394	-0.0452517863936423	-1.34166006450234	-0.819251317829155	0.996590904107160	-1.05547523214199
-0.313763063887088	0.786526432917974	0.819373498699297	0.145108396523818	0.0909408754683450	-0.796093489210030	-0.0452324798613000	-1.34193334722529	-0.816992915067112	1.00622788466960	-1.06191921847013
-0.314356705091999	0.788492337986574	0.821061697760299	0.146117331953009	0.0898137653665774	-0.800410351768875	-0.0452229637232475	-1.34216647924245	-0.814760244870907	1.01528427596936	-1.06807258792835
-0.314908063971472	0.790358705673966	0.822622040493782	0.146989305149208	0.0887470328627725	-0.804852767540707	-0.0452260963264745	-1.34236292108670	-0.812560930679726	1.02377930993360	-1.07393517481618
-0.315419584957146	0.792123941122746	0.824059020208660	0.147731253990104	0.0877420463879685	-0.809358060658138	-0.0452465776287691	-1.34252608152997	-0.810404124542669	1.03172700610535	-1.07950690885283
-0.315895160785927	0.793782973841653	0.825370759515949	0.148352543360481	0.0868011986779583	-0.813889011388550	-0.0452863213763978	-1.34265737932712	-0.808289598442048	1.03913868471295	-1.08478665720900
-0.316336272844465	0.795335148406376	0.826557563697321	0.148859553869653	0.0859263987625564	-0.818361442014493	-0.0453495522553370	-1.34275940095119	-0.806221983114420	1.04603063507089	-1.08977703326686
-0.316739562162632	0.796779836390221	0.827619964649409	0.149259716460645	0.0851188997075678	-0.822809560628059	-0.0454342685592480	-1.34283345845054	-0.804207091908247	1.05242406050660	-1.09448064197840
-0.317106339926431	0.798114631039909	0.828557011055109	0.149564857234519	0.0843806408737662	-0.827306864854572	-0.0455354146863230	-1.34287866339144	-0.802242781938643	1.05833135637837	-1.09889826459965
-0.317438892801465	0.799338069599306	0.829369081608533	0.149776991661844	0.0837114234449748	-0.832021655371153	-0.0456457449724969	-1.34289618788253	-0.800333830816342	1.06377125464155	-1.10303479838948
-0.317738543561973	0.800447407584624	0.830054453291102	0.149885587459029	0.0831086588151565	-0.836962946917194	-0.0457669615512396	-1.34288850463434	-0.798487464692415	1.06876414193298	-1.10689694944137
-0.318007902520256	0.801436924331898	0.830610905874663	0.149896080980451	0.0825715081941042	-0.841908071272483	-0.0459065807510165	-1.34285438876457	-0.796705876004863	1.07332662566961	-1.11048932716958
-0.318255046595553	0.802301961564226	0.831036638159225	0.149810193074755	0.0820985747020548	-0.846846879817047	-0.0460666101890893	-1.34279327903608	-0.794992808374010	1.07747491426416	-1.11381811188059
-0.318481662126624	0.803040229109053	0.831330749364549	0.149626140370421	0.0816874052020542	-0.851763110196101	-0.0462471424226231	-1.34270514720824	-0.793354073337798	1.08122612628704	-1.11689091957856
-0.318686389342338	0.803652049739347	0.831493200100400	0.149350520692287	0.0813367840548603	-0.856504973641746	-0.0464548409254675	-1.34258847091944	-0.791792652503028	1.08459447463176	-1.11971390147477
-0.318870690703365	0.804137563542356	0.831525915704415	0.148993560404078	0.0810465623564518	-0.861135377022574	-0.0466858036536368	-1.34244110545108	-0.790310572820210	1.08759620797260	-1.12229491720469
-0.319036163266643	0.804494858430047	0.831427458582334	0.148561286678915	0.0808159684315218	-0.865806273969904	-0.0469278603271985	-1.34225993015911	-0.788909137426450	1.09024951409745	-1.12464312058856
-0.319160082327730	0.804723858562755	0.831196468531046	0.148058680905559	0.0806442247652672	-0.870565168910994	-0.0471796465691928	-1.34204245140489	-0.787590498386034	1.09256125543922	-1.12676446414191
-0.319257779738157	0.804826119573331	0.830833741342147	0.147487705482788	0.0805294074512816	-0.875390757144041	-0.0474407980442889	-1.34178789068290	-0.786357800372544	1.09454461249318	-1.12866536860403
-0.319332842901436	0.804796463120952	0.830334831926315	0.146847949726582	0.0804696382306106	-0.880359628827745	-0.0477052705403934	-1.34149142500723	-0.785206659632146	1.09621094229251	-1.13035028250566
-0.319387660949788	0.804629176571364	0.829693712437419	0.146150450668743	0.0804645454470393	-0.885299796320864	-0.0479850780395742	-1.34114539874747	-0.784128565281933	1.09756692838020	-1.13182153609938
-0.319421386193516	0.804325473669488	0.828909395038368	0.145398114893203	0.0805118713953915	-0.890156378303344	-0.0482838895184234	-1.34074699347291	-0.783121935141026	1.09862050956171	-1.13308125991781
-0.319434307747045	0.803884165221572	0.827979788049523	0.144594646302792	0.0806099906295173	-0.894888007489901	-0.0486040085882213	-1.34029100214113	-0.782180035340322	1.09938373035705	-1.13413378859806
-0.319427557236900	0.803301705750975	0.826900192646573	0.143751573766906	0.0807592505842696	-0.899503865498082	-0.0489473799372602	-1.33977180167238	-0.781304826404739	1.09986801116905	-1.13498957213956
-0.319402015545247	0.802580015286861	0.825670095875503	0.142873514162824	0.0809584331139761	-0.903967631557948	-0.0493177979376007	-1.33918809510117	-0.780512428929229	1.10008786140992	-1.13566522409368
-0.319357067982634	0.801726045506374	0.824292932433172	0.141948832569587	0.0812030610650186	-0.908334283089055	-0.0497063586026384	-1.33854122556340	-0.779815070274062	1.10005346177656	-1.13617088996162
-0.319292844909919	0.800743320218287	0.822769720562455	0.140968819955009	0.0814907402578984	-0.912643046885576	-0.0501075996954336	-1.33782984302715	-0.779219089076163	1.09977029679305	-1.13651414750416
-0.319210220755326	0.799635679437262	0.821101072768967	0.139929038034773	0.0818184649924501	-0.916897576609888	-0.0505178509366403	-1.33705150883398	-0.778732363030333	1.09924553756818	-1.13670405675339
-0.319110235457087	0.798408609878515	0.819288889547496	0.138822002998152	0.0821827946811948	-0.921101449757085	-0.0509343396280999	-1.33620424765435	-0.778358047451850	1.09848115456087	-1.13674462202602
-0.318991894329118	0.797058288123253	0.817326496450438	0.137655402960877	0.0825838954777011	-0.925220831663669	-0.0513610092293940	-1.33527982134703	-0.778081393327497	1.09747603047126	-1.13663389334868
-0.318855277080633	0.795572961414931	0.815200387610235	0.136444505882533	0.0830248284647457	-0.929189616981560	-0.0518062174798513	-1.33426696985408	-0.777889580191182	1.09623199355656	-1.13637482028538
-0.318701538594979	0.793953604267434	0.812908021456854	0.135197836621278	0.0835051522387502	-0.932928128696793	-0.0522765287548801	-1.33316048246643	-0.777779635467295	1.09474962960496	-1.13597034053909
-0.318528549344139	0.792201320664836	0.810445572517255	0.133915764625840	0.0840253506808056	-0.936409672986490	-0.0527735722030526	-1.33195415815246	-0.777748452520277	1.09302944426214	-1.13542489440967
-0.318333686198830	0.790310207608280	0.807803808651879	0.132602435633683	0.0845863723609968	-0.939615352927089	-0.0532954675203003	-1.33063781567268	-0.777788028245650	1.09107252773370	-1.13474347028678
-0.318116565122543	0.788286720252575	0.804984761701887	0.131252811553120	0.0851862540771096	-0.942519545220046	-0.0538438097438549	-1.32920872353829	-0.777900790289488	1.08887605023858	-1.13392880273389
-0.317880361665659	0.786142709770261	0.801994385424836	0.129855330304943	0.0858217730680502	-0.945153880244997	-0.0544180658847162	-1.32766560545153	-0.778094271262661	1.08643682653018	-1.13298527581931
-0.317622332413970	0.783876656149834	0.798828411680865	0.128406885259391	0.0864926190723351	-0.947455839534949	-0.0550217362467577	-1.32600066872372	-0.778367369053808	1.08375310649517	-1.13191839535608
-0.317341859146421	0.781488523782456	0.795485023982668	0.126908303478582	0.0871978671996905	-0.949412662664956	-0.0556609990043404	-1.32420874503384	-0.778718704810641	1.08082057559402	-1.13073093144519
-0.317039029903342	0.778983803725477	0.791966189781125	0.125354156689170	0.0879366551681798	-0.951051918532786	-0.0563416323153256	-1.32228784377254	-0.779145821113437	1.07763128424810	-1.12942130489206
-0.316713089833805	0.776365994416984	0.788271908307600	0.123741692679653	0.0887083591481417	-0.952379491274392	-0.0570573841998115	-1.32023362351593	-0.779647989672000	1.07417878837889	-1.12799117637778
-0.316363507596924	0.773637629935812	0.784401476838272	0.122075841808532	0.0895127842508358	-0.953365913318778	-0.0578017102005828	-1.31804078712070	-0.780224002206261	1.07045561286603	-1.12644163700569
-0.315988103295633	0.770801846045246	0.780354409546956	0.120353959265969	0.0903494214376550	-0.953990939984959	-0.0585699440196036	-1.31570315661862	-0.780870172167355	1.06645383660823	-1.12477263997164
-0.315583628868014	0.767864498644523	0.776133505015657	0.118566529627912	0.0912168200865748	-0.954179421813254	-0.0593611658728039	-1.31321833717336	-0.781589102527421	1.06216539047229	-1.12298492567982
-0.315148165407631	0.764834121312280	0.771743673439348	0.116712996795399	0.0921135691252950	-0.953896195106002	-0.0601775363913207	-1.31058211482360	-0.782382734516244	1.05758049610566	-1.12107940808677
-0.314679622596035	0.761711031288074	0.767183421513778	0.114791484989333	0.0930397131274083	-0.953153653176243	-0.0610167472191803	-1.30778653116410	-0.783247595117850	1.05269224536225	-1.11905778054176
-0.314176160409245	0.758493856074959	0.762450187341209	0.112796678770245	0.0939954433992967	-0.952019078051384	-0.0618726625177921	-1.30482369992333	-0.784176695164890	1.04749361260957	-1.11692058524927
-0.313636923303175	0.755188468069655	0.757548041833175	0.110723164846661	0.0949795359063926	-0.950394749084153	-0.0627577682675209	-1.30168911869947	-0.785170625322824	1.04197353944310	-1.11466854158195
-0.313061804809457	0.751795222169078	0.752475481873348	0.108576899083688	0.0959923458176737	-0.948173808688988	-0.0636906870170261	-1.29837423457489	-0.786221119691220	1.03612452331770	-1.11230183383839
-0.312449623634103	0.748309045061618	0.747227107854301	0.106360213101195	0.0970349416023913	-0.945373180707220	-0.0646757033343321	-1.29487220209001	-0.787321005772145	1.02994425619218	-1.10982234155152
-0.311799219291333	0.744736671681972	0.741807463970569	0.104070949776913	0.0981062018956759	-0.941993421021112	-0.0657235969196590	-1.29117974450828	-0.788468418078024	1.02342296083463	-1.10722940119915
-0.311109655896951	0.741086192686846	0.736222321925305	0.101707661720787	0.0992038510192269	-0.938008868862325	-0.0668509420865012	-1.28729405822379	-0.789663949280425	1.01655153439482	-1.10452326151598
-0.310379741908254	0.737358353453661	0.730471899926335	0.0992718009878631	0.100328041413100	-0.933451314114716	-0.0680459944015328	-1.28321033325536	-0.790902796562806	1.00932692413313	-1.10170547746006
-0.309607764977057	0.733558909610424	0.724561929776400	0.0967584921516820	0.101477781583168	-0.928356163443296	-0.0692865767031944	-1.27892513330916	-0.792184268072190	1.00173937159313	-1.09877652253002
-0.308792694075977	0.729698147692297	0.718501715706162	0.0941598122226643	0.102651351781304	-0.922720629734148	-0.0705789511728428	-1.27443469412252	-0.793508094028536	0.993776261692283	-1.09573669487625
-0.307932974634093	0.725781855915841	0.712297324002743	0.0914716267955927	0.103848232355036	-0.916549043092587	-0.0719297399022136	-1.26973613792055	-0.794872660149180	0.985430328196986	-1.09258828428918
-0.307026615817033	0.721816362328359	0.705956132516361	0.0886914886412742	0.105069011892222	-0.909855243888403	-0.0733342930908595	-1.26482625779267	-0.796276684921288	0.976693431975024	-1.08933412171326
-0.306072809565447	0.717801803949817	0.699479380869608	0.0858262979943567	0.106314090498069	-0.902644750706394	-0.0747999917871432	-1.25970000263032	-0.797712090358863	0.967562982140475	-1.08597679861270
-0.305071088257703	0.713733889585164	0.692864277836089	0.0828873556879594	0.107584712895658	-0.894926250081500	-0.0763367259956564	-1.25435147002210	-0.799167389117493	0.958042442301806	-1.08252002952244
-0.304020701038715	0.709612200651342	0.686113418500760	0.0798802794420487	0.108881560354714	-0.886730725858917	-0.0779437420004948	-1.24877646813847	-0.800636599583774	0.948132119668377	-1.07896781982027
-0.302921595706324	0.705434793060281	0.679228238219072	0.0768118722858011	0.110205105323213	-0.878064774397334	-0.0796199883633380	-1.24297051557678	-0.802112013307397	0.937833558081836	-1.07532385563879
-0.301774026518905	0.701199671064138	0.672210486821189	0.0736886894925651	0.111555294286685	-0.868939591115785	-0.0813726649362750	-1.23693046225538	-0.803586811830999	0.927149842551112	-1.07159217650688
-0.300577305142939	0.696909308715172	0.665066757728304	0.0705111366646960	0.112931932469339	-0.859387382967417	-0.0832029901491472	-1.23065433655188	-0.805058431337010	0.916079772452118	-1.06777664242756
-0.299330450830839	0.692570151190010	0.657807756953849	0.0672748794148680	0.114334488954199	-0.849437590573897	-0.0851086076127485	-1.22414199594585	-0.806527288644608	0.904619630301795	-1.06388154710851
-0.298032824881246	0.688182027324774	0.650438160271243	0.0639830393369765	0.115762851864210	-0.839102617046524	-0.0870917563397113	-1.21739179243699	-0.807987444130322	0.892771809923767	-1.05991155656690
-0.296684103802143	0.683748825146121	0.642964900943257	0.0606393221205832	0.117216748566208	-0.828411075345712	-0.0891527214199392	-1.21040224525033	-0.809433023676478	0.880539721418698	-1.05587217216648
-0.295283637541198	0.679278032678477	0.635397936938910	0.0572451699839224	0.118695673837098	-0.817411148437161	-0.0912890560770092	-1.20317267112731	-0.810859535041880	0.867926255135891	-1.05176953446079
-0.293831159703467	0.674772988285566	0.627745063400418	0.0538037564077284	0.120199081897761	-0.806151780986240	-0.0935031478977882	-1.19570263945906	-0.812262218667773	0.854936518353547	-1.04761079499824
-0.292327238534183	0.670234534819173	0.620011212942906	0.0503218972581319	0.121726524097435	-0.794650196013506	-0.0958015844110158	-1.18799128642200	-0.813633996622519	0.841579626163377	-1.04340312671103
-0.290772332691188	0.665666869582846	0.612204615677221	0.0468015171154221	0.123277499678405	-0.782941816846543	-0.0981868034231455	-1.18004098456455	-0.814970448522605	0.827862860146605	-1.03915223619761
-0.289166918823304	0.661068864753705	0.604329690103714	0.0432471189253684	0.124852059515769	-0.771067492358307	-0.100662785851358	-1.17185301863055	-0.816266283650488	0.813796796813460	-1.03486492460770
-0.287512094803597	0.656435411412502	0.596386892189791	0.0396685264066185	0.126450405490478	-0.759032818698229	-0.103237106009315	-1.16342631297484	-0.817514344523576	0.799396066647485	-1.03054963017937
-0.285808687095972	0.651767769253605	0.588383076262697	0.0360705563077258	0.128072169684390	-0.746824382233727	-0.105912562062500	-1.15476278108412	-0.818709842707727	0.784673795501306	-1.02621469854084
-0.284057131514707	0.647068137771397	0.580326739631943	0.0324555949182910	0.129716849253322	-0.734476628051774	-0.108687874339937	-1.14586466916480	-0.819849069375911	0.769644743853836	-1.02187049470441
-0.282258253090756	0.642336891820988	0.572224335071139	0.0288295981730358	0.131383898636304	-0.722029118071289	-0.111561891904358	-1.13673399640062	-0.820927469284485	0.754322386217664	-1.01752410214510
-0.280412458910492	0.637576289569458	0.564084313514051	0.0251944752864599	0.133072465045827	-0.709557965637654	-0.114533552434798	-1.12737347465793	-0.821941656090099	0.738715887973575	-1.01318122755150
-0.278520102361159	0.632789835301425	0.555917337464962	0.0215494383915623	0.134781639331636	-0.697099300047999	-0.117606202695960	-1.11778660953567	-0.822888544210035	0.722836700084607	-1.00885029942016
-0.276582503855306	0.627976083158519	0.547727428958031	0.0179005778221960	0.136510969011695	-0.684693962036921	-0.120780223926294	-1.10797606561737	-0.823762349364840	0.706701881227255	-1.00453882294890
-0.274601024487923	0.623131729776514	0.539516779797866	0.0142566977911242	0.138260007317637	-0.672354598396569	-0.124058370770940	-1.09794447295239	-0.824556402155691	0.690329377980502	-1.00025280865087
-0.272576774174204	0.618256039984642	0.531290639194489	0.0106228782013199	0.140028013136895	-0.660084860029704	-0.127445093649517	-1.08769328120036	-0.825265818076402	0.673739245774893	-0.996003559822656
-0.270511324239120	0.613349186865751	0.523055546821744	0.00700370364138351	0.141814173121849	-0.647875939624117	-0.130941723245485	-1.07722554770403	-0.825886649743507	0.656953787140524	-0.991802622779106
-0.268406422705022	0.608408277231079	0.514814518494954	0.00340755298078233	0.143617937281016	-0.635739948070233	-0.134547336873436	-1.06654738095761	-0.826414608615778	0.639996849123371	-0.987655531172170
-0.266263529121166	0.603433369871064	0.506573266823430	-0.000161327284551302	0.145438338849730	-0.623677764038435	-0.138263190621789	-1.05566253290200	-0.826846488023143	0.622887756266055	-0.983570550461959
-0.264084069422282	0.598428380322073	0.498340781606808	-0.00370308735380288	0.147274077388526	-0.611700027702755	-0.142088932340633	-1.04457417868629	-0.827180070277501	0.605643006117503	-0.979559354700341
-0.261869579378166	0.593392415573608	0.490120857981444	-0.00721295029129899	0.149124236729861	-0.599839612872593	-0.146021686953820	-1.03328638309094	-0.827411259007799	0.588285246307125	-0.975633615657926
-0.259621733619463	0.588323822500823	0.481916176398236	-0.0106862793650216	0.150987584058056	-0.588146207017704	-0.150056366956352	-1.02180319845503	-0.827535633078472	0.570836315315478	-0.971799069344676
-0.257342261879621	0.583225004617633	0.473733122351385	-0.0141222966134854	0.152862396520657	-0.576644081825749	-0.154189144208191	-1.01012759865970	-0.827549367021767	0.553313680353085	-0.968063111285453
-0.255032791973047	0.578099293377682	0.465580360234178	-0.0175214277525251	0.154746607620906	-0.565370971458649	-0.158414930783317	-0.998264347179722	-0.827449376945980	0.535734971923805	-0.964432079245886
-0.252695228144585	0.572948455960531	0.457465205707869	-0.0208808153277980	0.156638297266242	-0.554342704977407	-0.162729085740133	-0.986218929453218	-0.827232356323633	0.518118881147154	-0.960908442009323
-0.250331676290477	0.567774566698970	0.449394766220457	-0.0242007231014648	0.158534683107416	-0.543553426010757	-0.167127343261474	-0.973995397114262	-0.826894829916872	0.500481688316719	-0.957493398700678
-0.247943921357226	0.562575835150598	0.441372134013672	-0.0274747664270130	0.160433451436493	-0.532950581066028	-0.171607667442321	-0.961597084328943	-0.826432312725575	0.482845137037108	-0.954190646184473
-0.245533656323454	0.557350349043865	0.433399156705515	-0.0306939261473529	0.162332692723821	-0.522497459459979	-0.176165468608973	-0.949026795760106	-0.825839825588577	0.465232625630156	-0.951005275176318
-0.243102850499716	0.552099589510205	0.425479202416876	-0.0338552100715756	0.164229635655192	-0.512238685164147	-0.180789562157719	-0.936287869073488	-0.825113541575277	0.447663558774608	-0.947940410065445
-0.240653466257330	0.546822655031643	0.417613002326038	-0.0369520147490278	0.166122074693983	-0.502235528320524	-0.185466178249082	-0.923382742662397	-0.824248513899489	0.430157088796286	-0.944997042213301
-0.238187299056318	0.541520412689985	0.409803408118130	-0.0399784834748730	0.168007804773252	-0.492469964088166	-0.190187231027718	-0.910316120882263	-0.823242465666615	0.412734339626631	-0.942174635239734
-0.235706383480949	0.536197392137238	0.402057183154033	-0.0429384227811870	0.169882562761656	-0.482987898590599	-0.194940694054175	-0.897093292253319	-0.822093578644646	0.395412886809015	-0.939476533214035
-0.233212743002843	0.530853861610625	0.394378214979152	-0.0458370028397679	0.171741635104894	-0.473854639460015	-0.199710621471727	-0.883716193724266	-0.820795520562559	0.378204602795007	-0.936901461782326
-0.230708208609435	0.525489884916039	0.386768762328145	-0.0486731238043084	0.173581196960940	-0.465032080640154	-0.204486260230376	-0.870188159231732	-0.819344533662908	0.361126226996594	-0.934447590661792
-0.228194550068527	0.520107149172492	0.379232816312041	-0.0514490247948437	0.175396436728514	-0.456483087286763	-0.209256765568715	-0.856514017994113	-0.817739305731728	0.344194667959196	-0.932113207013916
-0.225673557549179	0.514707458486757	0.371774341761733	-0.0541580848960727	0.177183907976463	-0.448134827986279	-0.214008250679228	-0.842694553280440	-0.815972101118821	0.327421335148258	-0.929894758071665
-0.223147101603624	0.509293207419355	0.364396754822706	-0.0567850457512077	0.178942560458012	-0.439971451462587	-0.218726678986497	-0.828730606120664	-0.814033747226077	0.310818203891416	-0.927783824041236
-0.220617083832440	0.503870564081112	0.357106077898802	-0.0593274840154145	0.180669604599481	-0.432235983462056	-0.223391149563718	-0.814627145564542	-0.811921413330865	0.294399808606721	-0.925774711222245
-0.218085081825076	0.498443542902012	0.349906860422712	-0.0617835478721010	0.182361047080240	-0.424879136419063	-0.227986418093176	-0.800386065644197	-0.809627442853707	0.278177176371985	-0.923861302824724
-0.215552570216025	0.493014291573273	0.342802138680055	-0.0641489375016145	0.184013575389949	-0.417882447544860	-0.232496521920041	-0.786009470310607	-0.807142924101524	0.262160695185880	-0.922035079693161
-0.213021141641937	0.487582826612928	0.335793147506229	-0.0664278212358752	0.185622713415905	-0.411378686890863	-0.236898214085373	-0.771501066179129	-0.804461429172775	0.246359472635073	-0.920291327627951
-0.210492119106574	0.482150902411761	0.328881838234609	-0.0686284801532416	0.187182360944946	-0.405359049064669	-0.241173853406906	-0.756864860385922	-0.801578030390425	0.230783268143198	-0.918620842956524
-0.207966645102887	0.476722189895229	0.322071856462176	-0.0707514039424436	0.188687223635278	-0.399659312237803	-0.245317909132218	-0.742106278036644	-0.798488118730683	0.215444395739436	-0.917007564427032
-0.205446206360404	0.471297109968113	0.315364162553234	-0.0727968806714886	0.190133282313570	-0.394309496829755	-0.249312609687533	-0.727230819902558	-0.795186835257885	0.200355464370696	-0.915434857043069
-0.202932297282688	0.465876270135777	0.308758743849841	-0.0747616877878724	0.191516918679727	-0.389283798021975	-0.253143816073748	-0.712242081842177	-0.791667298297440	0.185528077403707	-0.913887983982940
-0.200426219064580	0.460466686389061	0.302260528559197	-0.0766414588841924	0.192834053319392	-0.384552291115984	-0.256798080863620	-0.697146914831394	-0.787928233402109	0.170977287948101	-0.912349739885343
-0.197929501352392	0.455076050074272	0.295876189898092	-0.0784402055279112	0.194079422675117	-0.380235407955419	-0.260250756511066	-0.681955119934870	-0.783971686443146	0.156716882414051	-0.910805030837708
-0.195443441810745	0.449704229743379	0.289605733025031	-0.0801560411107604	0.195249418480379	-0.376358424231228	-0.263483881742009	-0.666672294575989	-0.779793187234178	0.142758488395879	-0.909239845407541
-0.192969158303729	0.444355291325669	0.283452160412633	-0.0817897621690114	0.196339677202193	-0.372911928300367	-0.266483219393975	-0.651305769338973	-0.775389604055237	0.129113844004382	-0.907636725738116
-0.190507872500923	0.439034990522752	0.277419783459247	-0.0833482123176407	0.197345025031965	-0.369907771075448	-0.269231970645699	-0.635863989344654	-0.770750850170261	0.115786965088758	-0.905972232237107
-0.188060734651377	0.433743885118178	0.271508174170971	-0.0848303145831073	0.198262628310785	-0.367330847137659	-0.271717515638689	-0.620352742023975	-0.765856674851740	0.102784273180740	-0.904212494423443
-0.185628679180929	0.428479169446093	0.265713420351829	-0.0862217584641450	0.199092459151491	-0.365117381843021	-0.273937283732383	-0.604777335840368	-0.760693429908753	0.0901178166627907	-0.902329591968918
-0.183212858765767	0.423243840153386	0.260035597156888	-0.0875188580195031	0.199832486837185	-0.363253789809935	-0.275884023885518	-0.589147112032296	-0.755254234398754	0.0777990842832799	-0.900298914798616
-0.180814438640426	0.418039036717241	0.254473525246979	-0.0887152630651076	0.200480956676015	-0.361730358870230	-0.277550098684853	-0.573471877580396	-0.749532239294575	0.0658403440873388	-0.898094723402862
-0.178434434191383	0.412866230952093	0.249026177582198	-0.0898066921683526	0.201035752627786	-0.360541882386317	-0.278927048852010	-0.557763099634690	-0.743527510111188	0.0542661817136890	-0.895691835899759
-0.176073748237050	0.407736389685669	0.243700974168326	-0.0908043535778770	0.201491456123211	-0.359724243601856	-0.280000807887437	-0.542038601092231	-0.737256035868235	0.0430966677738865	-0.893074296983055
-0.173733306199444	0.402665126405477	0.238509254024976	-0.0917257681172017	0.201841304137496	-0.359331961731792	-0.280756776343024	-0.526317019679165	-0.730728784600997	0.0323450063115672	-0.890222029180828
-0.171413965104747	0.397653586206627	0.233449880919535	-0.0925725551517461	0.202082655617706	-0.359383309911977	-0.281186948515098	-0.510609067171319	-0.723944908571740	0.0220287659855275	-0.887113486657570
-0.169116469356991	0.392705656816995	0.228525238060272	-0.0933466115828766	0.202213253858811	-0.359868157813003	-0.281289343193212	-0.494929143917042	-0.716904688483420	0.0121644118542171	-0.883725784408013
-0.166841500902914	0.387830629306715	0.223741108386751	-0.0940495025724918	0.202231390119337	-0.360764538091231	-0.281066587509321	-0.479293424257619	-0.709611302178401	0.00276534547353231	-0.880036693506910
-0.164589699987046	0.383025029371739	0.219091536917851	-0.0946738308246647	0.202138454105880	-0.362062630167399	-0.280518527056330	-0.463710594729316	-0.702058381851713	-0.00615268141651049	-0.876026051064665
-0.162361648629817	0.378281904026009	0.214568117138647	-0.0952084613805073	0.201937326104234	-0.363755882232122	-0.279646305521151	-0.448189185596096	-0.694236287017114	-0.0145881726229015	-0.871673845929449
-0.160157937252929	0.373608438323699	0.210173965574787	-0.0956523490998632	0.201627688379449	-0.365850308920744	-0.278452202769118	-0.432744750327150	-0.686146713346265	-0.0225324517716186	-0.866958978817741
-0.157979151308083	0.369009374663160	0.205909048573984	-0.0960049232578909	0.201209922959535	-0.368356874381650	-0.276935678041503	-0.417389544924876	-0.677792056405850	-0.0299728664383229	-0.861864285614486
-0.155825852003559	0.364483859685025	0.201769536117749	-0.0962644866569948	0.200685387686922	-0.371276046647523	-0.275099036886083	-0.402133905269449	-0.669176759574739	-0.0368988289914644	-0.856377796078024
-0.153698574419281	0.360034041339614	0.197754132506157	-0.0964305809143503	0.200055247207390	-0.374575896572173	-0.272958755668018	-0.386990631084050	-0.660303642800491	-0.0433027676709156	-0.850485226352557
-0.151597791231968	0.355662700450233	0.193862613786270	-0.0965088347620154	0.199320273576315	-0.378221195575962	-0.270531696569948	-0.371973176280907	-0.651176871231661	-0.0491638252501635	-0.844172523270182
-0.149523991071197	0.351372608339475	0.190094450919906	-0.0964977120324129	0.198482434485546	-0.382180322507007	-0.267832644932837	-0.357095679612785	-0.641802593341593	-0.0544749715358228	-0.837428585356325
-0.147477649709437	0.347163572238228	0.186446247474261	-0.0963905662082601	0.197545030369545	-0.386418763509309	-0.264878433485042	-0.342371298684779	-0.632185401664577	-0.0592316020891947	-0.830243182686087
-0.145459165789430	0.343034207753045	0.182914037734145	-0.0961885589317715	0.196511335221640	-0.390931594482789	-0.261677398960836	-0.327813137293110	-0.622329298266306	-0.0634185213633964	-0.822606515953222
-0.143468901070201	0.338990279581809	0.179500285308996	-0.0958932109929654	0.195383774088117	-0.395690243935151	-0.258242313857316	-0.313437854445620	-0.612244869433855	-0.0670189409631795	-0.814509755649818
-0.141507202478413	0.335038804932935	0.176207859072494	-0.0955013450328027	0.194165284323776	-0.400605432671518	-0.254589510147975	-0.299261923366637	-0.601946751834244	-0.0700235600314567	-0.805946920267873
-0.139574371077676	0.331178251320593	0.173032862557035	-0.0950121581608252	0.192860530707653	-0.405829418107146	-0.250715869235822	-0.285297923964344	-0.591442216567306	-0.0724084505563584	-0.796913345363978
-0.137691162203871	0.327412595202811	0.169977385737234	-0.0944349108559706	0.191473089354402	-0.411588996185696	-0.246616314753474	-0.271560884090044	-0.580745258426468	-0.0741584471733509	-0.787407296285480
-0.135840834694772	0.323749610051190	0.167046412029499	-0.0937734956164419	0.190006501279294	-0.417793018608371	-0.242309221583956	-0.258066489720223	-0.569872417141949	-0.0752592907397329	-0.777429058662799
-0.134022131081856	0.320185564480823	0.164235264160841	-0.0930274851560051	0.188466275189788	-0.424400420344545	-0.237806707899759	-0.244824269414681	-0.558832682122127	-0.0756932572027339	-0.766982798943127
-0.132233274246622	0.316715466769155	0.161539052647958	-0.0921980699551567	0.186858201732509	-0.431387117508482	-0.233117934245150	-0.231843107092661	-0.547633205362862	-0.0754462987421957	-0.756075044881155
-0.130475287315898	0.313341868729622	0.158958486798602	-0.0912880856013780	0.185186641946184	-0.438684443901353	-0.228280864720964	-0.219134814456370	-0.536288455700935	-0.0745226928554571	-0.744714643229103
-0.128748347453410	0.310063066398598	0.156489022175315	-0.0902947665794208	0.183456847952868	-0.446239268492398	-0.223338063031730	-0.206707496112797	-0.524807168956429	-0.0729178696317722	-0.732913422167134
-0.127051694093583	0.306873670349572	0.154124207580629	-0.0892141765551646	0.181674429304711	-0.454047212625097	-0.218301729266644	-0.194567751077821	-0.513197386269512	-0.0706405682719285	-0.720684984648654
-0.125385270601128	0.303772374125980	0.151861913294820	-0.0880469297264522	0.179844391751706	-0.462103305166360	-0.213187008478772	-0.182723372710761	-0.501472569154835	-0.0677067355445838	-0.708045441375440
-0.123749318204119	0.300757907055167	0.149699396920568	-0.0867948276467979	0.177972017884096	-0.470395347831967	-0.208017789349243	-0.171181136610024	-0.489646095170208	-0.0641158493034376	-0.695013844584478
-0.122144158363149	0.297835328982267	0.147640475449730	-0.0854697544401731	0.176061814285854	-0.478927241884484	-0.202804402605511	-0.159948657252835	-0.477737808152795	-0.0598706649164231	-0.681612440980575
-0.120569419686421	0.295011864668944	0.145691707721967	-0.0840854413828032	0.174117992852120	-0.487705473611140	-0.197556043046275	-0.149033643233117	-0.465770836358673	-0.0549763672976896	-0.667866005761340
-0.119024373515300	0.292288467290418	0.143852745712491	-0.0826475173305853	0.172145933690010	-0.496722567133434	-0.192292266535453	-0.138440721428114	-0.453762032504142	-0.0494298654148256	-0.653802317466120
-0.117510024933617	0.289666724222571	0.142123648311319	-0.0811619312979586	0.170151018945106	-0.505969759002477	-0.187030501394095	-0.128173810654094	-0.441728522766521	-0.0432323853932418	-0.639451481898461
-0.116027630802217	0.287147524483404	0.140503631453968	-0.0796339757148374	0.168138697446937	-0.515441485774896	-0.181782986558116	-0.118235816178875	-0.429686605531252	-0.0363892013392544	-0.624845267149775
-0.114576669412201	0.284726466976632	0.138987309387364	-0.0780624120519933	0.166115107358438	-0.525121290841032	-0.176568128699343	-0.108627318033876	-0.417647603547441	-0.0289133677754611	-0.610016573340605
-0.113158258511365	0.282395298262457	0.137566369431546	-0.0764430569151594	0.164086553325837	-0.534987571167610	-0.171406287767240	-0.0993473049482906	-0.405620838250456	-0.0208208092718492	-0.594999477516049
-0.111774391866250	0.280152697248290	0.136239573759925	-0.0747805452116734	0.162058232271342	-0.545024113342493	-0.166311450100275	-0.0903962045076806	-0.393622112098544	-0.0121299899006931	-0.579829148091318
-0.110424419514630	0.277993703591322	0.135003574907269	-0.0730796384912140	0.160035320191493	-0.555212559530512	-0.161298474864995	-0.0817735874452916	-0.381667016309892	-0.00286057283519279	-0.564541630671231
-0.109107676072666	0.275910391873424	0.133852659533784	-0.0713433168567017	0.158023061633436	-0.565532120945070	-0.156382525768254	-0.0734776593131037	-0.369769711564406	0.00696765666822661	-0.549173414570021
-0.107824958901074	0.273899422571014	0.132784619394059	-0.0695765673861332	0.156026680061496	-0.575965710521538	-0.151572352017390	-0.0655061641006760	-0.357945264569676	0.0173349564950946	-0.533761790880378
-0.106575707976020	0.271959959375360	0.131799319530286	-0.0677875573301365	0.154050980764231	-0.586499085395730	-0.146873287928358	-0.0578570130113357	-0.346210498977519	0.0282197940902877	-0.518344421683161
-0.105358857756586	0.270087712687109	0.130893063189322	-0.0659800165646656	0.152101004235559	-0.597111121529345	-0.142294433406833	-0.0505251671099944	-0.334579572952103	0.0396013753696593	-0.502960393464366
-0.104174334202201	0.268283242054046	0.130065858557941	-0.0641607255370086	0.150181424950984	-0.607781830842081	-0.137842594096217	-0.0435070372714961	-0.323067909604226	0.0514562636776001	-0.487647421152941
-0.103021899400520	0.266549782286212	0.129320261761847	-0.0623397270660447	0.148296415731841	-0.618495035042741	-0.133521712022352	-0.0368007733939814	-0.311692454891184	0.0637540355768079	-0.472441634333300
-0.101902812400042	0.264883393354309	0.128652094844166	-0.0605211753566435	0.146450044101168	-0.629230150672735	-0.129340308628499	-0.0304014586682901	-0.300467523164926	0.0764707303747355	-0.457378726853247
-0.100819164593738	0.263279176619162	0.128056439520925	-0.0587083267546742	0.144646278469024	-0.639966472133031	-0.125307327938459	-0.0243036013975072	-0.289406888724193	0.0895807079788976	-0.442492453688439
-0.0997714312994820	0.261734135529865	0.127529961938071	-0.0569068939707176	0.142888572757478	-0.650688146395498	-0.121429079281276	-0.0185019449768067	-0.278525514041867	0.103059270760897	-0.427819154369698
-0.0987602129232180	0.260243129176890	0.127067332673491	-0.0551196664783586	0.141180423977306	-0.661381463994750	-0.117709124648423	-0.0129906279237686	-0.267837150106898	0.116885553787190	-0.413394724472461
-0.0977857046934849	0.258800452937194	0.126662564996146	-0.0533484389219978	0.139525134417319	-0.672031829231165	-0.114147353711591	-0.00776349758251871	-0.257355525964489	0.131036567494403	-0.399250344911916
-0.0968471804554723	0.257405713080493	0.126315769275880	-0.0516014272010978	0.137925295662894	-0.682626397924250	-0.110745276661816	-0.00281538004555252	-0.247096803339060	0.145484053854832	-0.385416368796066
-0.0959432701403046	0.256059447983147	0.126027717803258	-0.0498880364881511	0.136383196893504	-0.693153900343504	-0.107502267348218	0.00185873969465836	-0.237077192947488	0.160199912730019	-0.371921963869021
-0.0950738498071303	0.254758743138293	0.125795351323389	-0.0482135222319852	0.134901180939221	-0.703599844845709	-0.104416104866818	0.00626308977445942	-0.227310443448009	0.175155250655261	-0.358789051129215
-0.0942387275602624	0.253500170848875	0.125614728115208	-0.0465816200935640	0.133481302246909	-0.713948199139813	-0.101487418718778	0.0104039757016457	-0.217809310243114	0.190320998077712	-0.346038080110599
-0.0934384680245323	0.252282536598226	0.125484474484026	-0.0449989042576981	0.132125413633337	-0.724188567583187	-0.0987168188250102	0.0142908975319824	-0.208586161810274	0.205667860887704	-0.333693317787105
-0.0926710815235368	0.251101388548519	0.125399862549941	-0.0434672749681856	0.130835363895558	-0.734310646549530	-0.0961024009844149	0.0179295083116352	-0.199651388808332	0.221170606106166	-0.321772663051283
-0.0919369790627800	0.249951015109987	0.125355125971136	-0.0419859297105941	0.129612695847582	-0.744303279669071	-0.0936417138153883	0.0213241516251223	-0.191014698857219	0.236807266492558	-0.310288468854751
-0.0912358590452082	0.248829797633973	0.125348722828611	-0.0405584814372094	0.128458490797769	-0.754160695665636	-0.0913320116159458	0.0244810689226972	-0.182686805268549	0.252550200233659	-0.299251605353617
-0.0905679290933443	0.247735932156720	0.125378480871416	-0.0391876592726359	0.127373708397959	-0.763876606864863	-0.0891705888689017	0.0274061430331555	-0.174677195501124	0.268372319021773	-0.288675658645133
-0.0899337220399129	0.246665087124936	0.125439684118849	-0.0378727402905608	0.126359103149657	-0.773442295601575	-0.0871539491409550	0.0301039205869980	-0.166993964685874	0.284249501675593	-0.278568974698126
-0.0893325491299696	0.245612159365529	0.125525402526032	-0.0366128279818868	0.125415337793836	-0.782848157071657	-0.0852777095198619	0.0325822750182769	-0.159643980529967	0.300159628284824	-0.268939123114005
-0.0887634931428581	0.244574098844877	0.125630165918070	-0.0354098127413931	0.124542645198961	-0.792090215742421	-0.0835369086384212	0.0348497735334302	-0.152632649195964	0.316077378612761	-0.259794114375591
-0.0882260244811360	0.243548287713178	0.125750076600558	-0.0342644139414580	0.123741081410103	-0.801163688598446	-0.0819269545174619	0.0369126690488977	-0.145964559848980	0.331978070430754	-0.251139024212134
-0.0877190340927883	0.242535956840220	0.125885994719761	-0.0331814174544035	0.123010296200921	-0.810067429211095	-0.0804430675629898	0.0387766907161751	-0.139644397858540	0.347832268659388	-0.242973531335874
-0.0872413064429067	0.241538662430114	0.126038715861538	-0.0321656184628964	0.122349423011721	-0.818803809291935	-0.0790796820323177	0.0404475392568938	-0.133675318858120	0.363609696321078	-0.235293563297830
-0.0867926934032735	0.240555653486383	0.126207616121934	-0.0312175268564276	0.121757614044532	-0.827369789642616	-0.0778320769976851	0.0419311728515187	-0.128057785188196	0.379282652204816	-0.228094077119711
-0.0863733162020968	0.239586255700361	0.126392663809086	-0.0303364587695986	0.121233933204495	-0.835759004486134	-0.0766962875988625	0.0432341633154721	-0.122791375766244	0.394825064008129	-0.221368915069610
-0.0859829194364211	0.238629646393221	0.126592143416477	-0.0295228265449561	0.120776536877814	-0.843971014491241	-0.0756658123349613	0.0443641558632311	-0.117873162995069	0.410211050112279	-0.215111469978563
-0.0856209552799250	0.237682259505944	0.126801010054692	-0.0287728985421605	0.120383719771872	-0.852000900001850	-0.0747351771380398	0.0453284625446105	-0.113299263603674	0.425417288050225	-0.209309880289149
-0.0852872259649480	0.236766865451220	0.127009018590625	-0.0280844318530219	0.120044725303686	-0.859765272066895	-0.0738908050384445	0.0461758721368914	-0.109094577249510	0.440088094481339	-0.203967823091607
-0.0849811513145351	0.235859808736287	0.127221365131583	-0.0274541149858254	0.119764419838517	-0.867353094415684	-0.0731335664115606	0.0468775090076512	-0.105220728473462	0.454517575747654	-0.199047017407420
-0.0847014106255252	0.234961122005468	0.127436241150161	-0.0268806778416388	0.119540358186279	-0.874763669964409	-0.0724578763532483	0.0474401561321134	-0.101670331500959	0.468682998089962	-0.194533261171280
-0.0844469628935485	0.234070567203769	0.127651539467877	-0.0263617294288685	0.119370239037243	-0.881993556623557	-0.0718597633060983	0.0478694176877835	-0.0984360913426194	0.482564219434444	-0.190409439347852
-0.0842168797950814	0.233188105705924	0.127865470363141	-0.0258954101391722	0.119250795759454	-0.889041107369743	-0.0713328964121192	0.0481735497891050	-0.0955067934901736	0.496139591567419	-0.186660507859104
-0.0840097560514391	0.232313661869347	0.128076031108007	-0.0254800421093066	0.119178081540268	-0.895906098953162	-0.0708694413568732	0.0483604681221829	-0.0928710008769898	0.509389608360652	-0.183269975643207
-0.0838246455615098	0.231447648100676	0.128281854474142	-0.0251128617893776	0.119149382585212	-0.902584086031067	-0.0704663648858558	0.0484360242619512	-0.0905186936177146	0.522297552069709	-0.180218670918458
-0.0836610970901920	0.230590640435326	0.128482176001361	-0.0247907695293947	0.119161727344192	-0.909070917466283	-0.0701201577156013	0.0484072760071064	-0.0884379280603577	0.534848029992108	-0.177488457836326
-0.0835183150220392	0.229743345359683	0.128676680524507	-0.0245108587879553	0.119211788756016	-0.915363832275970	-0.0698262266730890	0.0482816097204229	-0.0866159629506505	0.547029265429125	-0.175058164109553
-0.0833959944031596	0.228907218137301	0.128865665192167	-0.0242710288613523	0.119296812386700	-0.921458682210656	-0.0695818714815350	0.0480649809767441	-0.0850406885679286	0.558829090636220	-0.172909920419750
-0.0832938765347595	0.228083664470512	0.129049499552248	-0.0240692901246681	0.119413840376372	-0.927351347395560	-0.0693838682721819	0.0477646939517509	-0.0836975005748932	0.570233655528374	-0.171030379233508
-0.0832107321254470	0.227273443179172	0.129228037085900	-0.0239037573806430	0.119559178037387	-0.933041715394291	-0.0692264117748047	0.0473898599420717	-0.0825688850232632	0.581230463870924	-0.169404797858554
-0.0831454347360379	0.226477723671914	0.129401643014305	-0.0237727845768861	0.119729541318749	-0.938528131482011	-0.0691050597858930	0.0469474071308598	-0.0816399880676773	0.591810790904205	-0.168016397770117
-0.0830972352463229	0.225697864829576	0.129570703262209	-0.0236746387312278	0.119921829272089	-0.943807760577562	-0.0690162050531635	0.0464433119189032	-0.0808967723540045	0.601966048991403	-0.166851233116318
-0.0830649837294872	0.224934314984680	0.129734616894544	-0.0236063424689105	0.120132883916261	-0.948877906137046	-0.0689561323032846	0.0458845439587093	-0.0803239126957565	0.611691725031980	-0.165892141865658
-0.0830474810271674	0.224187927225815	0.129893222437365	-0.0235649810035523	0.120360185181683	-0.953733681693794	-0.0689229350003108	0.0452776724395669	-0.0799064343546993	0.620986688832620	-0.165120015108158
-0.0830439629492929	0.223459705479359	0.130046373528878	-0.0235480614709651	0.120601094270016	-0.958372870854696	-0.0689141714061677	0.0446280529679047	-0.0796311884416919	0.629851920333327	-0.164519013181810
-0.0830537681441536	0.222750248959077	0.130193606352133	-0.0235528650103863	0.120852986265413	-0.962794955698069	-0.0689271996171917	0.0439419370644229	-0.0794835782780446	0.638292530422164	-0.164071572238279
-0.0830761692689754	0.222059975913899	0.130334600536748	-0.0235765907586135	0.121113351445538	-0.967000597062974	-0.0689596624925948	0.0432259203999014	-0.0794486652981944	0.646309612358398	-0.163766288541954
-0.0831103489672565	0.221388882136801	0.130468853464766	-0.0236163453421347	0.121379984514151	-0.970988227366168	-0.0690099562402260	0.0424858735927791	-0.0795136817799529	0.653906975193071	-0.163593555701592
-0.0831555000580339	0.220736985989717	0.130596181530829	-0.0236693876259537	0.121650744741622	-0.974757712170663	-0.0690763782644954	0.0417274212962492	-0.0796664345202024	0.661092619506200	-0.163541482833314
-0.0832109916873627	0.220105180715508	0.130717281576896	-0.0237344221826460	0.121923876915822	-0.978308480835724	-0.0691574544724266	0.0409550885928225	-0.0798953737504261	0.667875283590515	-0.163598552086555
-0.0832759264200785	0.219494243499817	0.130832758795861	-0.0238103297274452	0.122197951148861	-0.981639118425344	-0.0692520929720441	0.0401729000192636	-0.0801896076041555	0.674256707289185	-0.163756998941485
-0.0833492580005766	0.218904398703958	0.130942912158603	-0.0238954898012335	0.122471625417054	-0.984748027448890	-0.0693593542547976	0.0393847694300406	-0.0805391405250936	0.680248165137581	-0.164004196735188
-0.0834304002394310	0.218336301509757	0.131048224469069	-0.0239888350462054	0.122743654962021	-0.987637636936259	-0.0694776980225224	0.0385934307722400	-0.0809343815281774	0.685863795232127	-0.164325728707563
-0.0835189013330493	0.217790404805296	0.131148895117609	-0.0240894807813446	0.123013089363941	-0.990308517212534	-0.0696058908223159	0.0378007533545924	-0.0813666675256029	0.691114389850697	-0.164710024732931
-0.0836139938347587	0.217266030746866	0.131244259905024	-0.0241950353497863	0.123278732025173	-0.992763600552679	-0.0697426134877741	0.0370090890164366	-0.0818284110563749	0.696011651608673	-0.165145707539697
-0.0837149672538143	0.216762173435897	0.131333721581658	-0.0243032683327018	0.123539293622808	-0.995008752477385	-0.0698862994860128	0.0362203548692916	-0.0823130710015587	0.700570999043003	-0.165622049331127
-0.0838213518262448	0.216278402767806	0.131417545438235	-0.0244132034004017	0.123793862818438	-0.997053552075470	-0.0700356831786614	0.0354356118605073	-0.0828147267035328	0.704809025837539	-0.166129598456578
-0.0839323877525427	0.215814327832098	0.131496292722958	-0.0245235846982107	0.124041272171155	-0.998900909312415	-0.0701896858701520	0.0346562086425430	-0.0833285396786594	0.708758002953734	-0.166658937867492
-0.0840473695562056	0.215369652866380	0.131569828733682	-0.0246338618058093	0.124280984729844	-1.00055477138120	-0.0703473594229420	0.0338828250884590	-0.0838497862076153	0.712436869272952	-0.167202899712725
-0.0841658698959157	0.214943895339101	0.131637997008856	-0.0247438726301396	0.124512778872308	-1.00202865951132	-0.0705076261534835	0.0331158328745500	-0.0843742472951954	0.715862088059851	-0.167755505816378
-0.0842875356457000	0.214536918998639	0.131701161946721	-0.0248532733113375	0.124736310955471	-1.00333939399414	-0.0706693683498428	0.0323559111686908	-0.0848980983741479	0.719054741480460	-0.168310477239183
-0.0844119684502524	0.214148722664300	0.131759860847587	-0.0249618768051299	0.124951391760729	-1.00449922104209	-0.0708316007742594	0.0316035112224242	-0.0854180292724553	0.722034866461107	-0.168862028027980
-0.0845386444092242	0.213779078304923	0.131813973949363	-0.0250699100051843	0.125158250466591	-1.00553265484206	-0.0709931403794903	0.0308586867228794	-0.0859309674960693	0.724803883228859	-0.169406367680003
-0.0846669924631022	0.213427620083415	0.131864108484997	-0.0251769699695228	0.125356574372037	-1.00646354501947	-0.0711527301179511	0.0301221862264117	-0.0864348572462824	0.727381531126555	-0.169939382493978
-0.0847969071889433	0.213094208223032	0.131910984960657	-0.0252825608574054	0.125545906817763	-1.00730463491268	-0.0713094354431305	0.0293956570309796	-0.0869259968616350	0.729790390996708	-0.170458248688641
-0.0849283810016578	0.212778606846104	0.131955176608855	-0.0253864585793830	0.125726095336288	-1.00805904374533	-0.0714630953383577	0.0286797951103091	-0.0874030377317707	0.732035451575226	-0.170961750069564
-0.0850611594769716	0.212480725799642	0.131996969418282	-0.0254884793373915	0.125897143709124	-1.00872190272422	-0.0716141827647209	0.0279751880459919	-0.0878650639301265	0.734114761060564	-0.171449644810994
-0.0851953642264512	0.212200021222149	0.132037065657815	-0.0255881082400885	0.126059030087796	-1.00928956588260	-0.0717634094032374	0.0272838627914618	-0.0883098514813477	0.736038283203001	-0.171923223895308
-0.0853313227661960	0.211936198424011	0.132075890957413	-0.0256847871082724	0.126211776851017	-1.00976853747619	-0.0719109389316066	0.0266078294037409	-0.0887352804627186	0.737797324744274	-0.172384520204863
-0.0854686850091580	0.211688960485414	0.132113624792816	-0.0257781289393350	0.126355609749279	-1.01016165711894	-0.0720572956420975	0.0259481787496675	-0.0891421662469856	0.739390923033135	-0.172835361498477
-0.0856070392753894	0.211457910499490	0.132150199588383	-0.0258678290284016	0.126490908873739	-1.01047263323138	-0.0722032025577098	0.0253068557004473	-0.0895290926064824	0.740816047075066	-0.173278007828273
-0.0857462693115301	0.211242572630992	0.132185421424831	-0.0259537084318856	0.126618144632013	-1.01071196948812	-0.0723490734442712	0.0246856703460911	-0.0898945029625558	0.742072441681199	-0.173714706845521