-0.035932 -0.007823 0.077793 -0.041477 0.113365 -0.682936 -0.136964 0.039430 -0.198229 0.644919 -0.221250
-0.035952 -0.007986 0.077988 -0.040895 0.113347 -0.679721 -0.137441 0.039441 -0.197973 0.644462 -0.220581
-0.035968 -0.008146 0.078200 -0.040386 0.113337 -0.676886 -0.137762 0.039469 -0.197712 0.644023 -0.219932
-0.035980 -0.008311 0.078424 -0.039947 0.113323 -0.674420 -0.137927 0.039509 -0.197447 0.643630 -0.219284
-0.035988 -0.008486 0.078653 -0.039569 0.113288 -0.672261 -0.137933 0.039551 -0.197167 0.643284 -0.218604
-0.035993 -0.008679 0.078883 -0.039249 0.113226 -0.670392 -0.137783 0.039593 -0.196862 0.642913 -0.217872
-0.036010 -0.009061 0.079304 -0.038492 0.113105 -0.666096 -0.137793 0.039627 -0.196274 0.642168 -0.216358
-0.036022 -0.009449 0.079757 -0.037858 0.112930 -0.662321 -0.137415 0.039702 -0.195604 0.641191 -0.214761
-0.036034 -0.009846 0.080223 -0.037365 0.112710 -0.659202 -0.136618 0.039807 -0.194868 0.640082 -0.213077
-0.036049 -0.010241 0.080695 -0.037011 0.112460 -0.656752 -0.135475 0.039923 -0.194086 0.638978 -0.211311
-0.036072 -0.010637 0.081156 -0.036786 0.112184 -0.654933 -0.134064 0.040039 -0.193284 0.638016 -0.209469
-0.036106 -0.011020 0.081625 -0.036704 0.111875 -0.653841 -0.132277 0.040141 -0.192470 0.637244 -0.207558
-0.036156 -0.011388 0.082065 -0.036707 0.111530 -0.653139 -0.130200 0.040217 -0.191657 0.636747 -0.205598
-0.036225 -0.011724 0.082467 -0.036760 0.111168 -0.652688 -0.127952 0.040267 -0.190859 0.636533 -0.203629
-0.036314 -0.012024 0.082821 -0.036839 0.110808 -0.652491 -0.125499 0.040301 -0.190100 0.636598 -0.201711
-0.036421 -0.012271 0.083133 -0.036921 0.110463 -0.652479 -0.122855 0.040322 -0.189399 0.636924 -0.199907
-0.036547 -0.012467 0.083407 -0.036974 0.110180 -0.652707 -0.120227 0.040339 -0.188788 0.637514 -0.198296
-0.036687 -0.012612 0.083640 -0.036982 0.109968 -0.653135 -0.117682 0.040352 -0.188285 0.638322 -0.196922
-0.036835 -0.012705 0.083847 -0.036924 0.109835 -0.653753 -0.115242 0.040364 -0.187894 0.639285 -0.195816
-0.036985 -0.012761 0.084036 -0.036793 0.109770 -0.654455 -0.112935 0.040379 -0.187609 0.640348 -0.194976
-0.037133 -0.012785 0.084196 -0.036596 0.109759 -0.655188 -0.110745 0.040389 -0.187410 0.641441 -0.194380
-0.037270 -0.012792 0.084329 -0.036314 0.109824 -0.655948 -0.108805 0.040404 -0.187283 0.642526 -0.193995
-0.037398 -0.012786 0.084452 -0.035959 0.109968 -0.656832 -0.107127 0.040439 -0.187213 0.643523 -0.193797
-0.037513 -0.012778 0.084576 -0.035554 0.110183 -0.657899 -0.105650 0.040488 -0.187177 0.644414 -0.193740
-0.037616 -0.012768 0.084706 -0.035114 0.110465 -0.659086 -0.104467 0.040544 -0.187151 0.645180 -0.193777
-0.037710 -0.012766 0.084859 -0.034644 0.110821 -0.660394 -0.103607 0.040617 -0.187116 0.645841 -0.193865
-0.037798 -0.012776 0.085014 -0.034182 0.111204 -0.661681 -0.102932 0.040697 -0.187048 0.646452 -0.193954
-0.037883 -0.012798 0.085168 -0.033739 0.111604 -0.662914 -0.102413 0.040780 -0.186938 0.647096 -0.194002
-0.037970 -0.012853 0.085317 -0.033324 0.112012 -0.664014 -0.102073 0.040879 -0.186780 0.647794 -0.193992
-0.038063 -0.012945 0.085455 -0.032943 0.112418 -0.665033 -0.101844 0.040993 -0.186574 0.648567 -0.193909
-0.038164 -0.013083 0.085593 -0.032589 0.112823 -0.666006 -0.101702 0.041131 -0.186321 0.649388 -0.193750
-0.038280 -0.013264 0.085714 -0.032281 0.113211 -0.666918 -0.101633 0.041284 -0.186023 0.650196 -0.193529
-0.038413 -0.013493 0.085809 -0.032018 0.113565 -0.667713 -0.101621 0.041450 -0.185689 0.650943 -0.193257
-0.038568 -0.013759 0.085893 -0.031800 0.113883 -0.668312 -0.101679 0.041632 -0.185305 0.651498 -0.192951
-0.038753 -0.014049 0.085977 -0.031631 0.114161 -0.668657 -0.101815 0.041822 -0.184884 0.651793 -0.192634
-0.038968 -0.014344 0.086058 -0.031522 0.114388 -0.668672 -0.102042 0.042002 -0.184449 0.651803 -0.192332
-0.039216 -0.014627 0.086173 -0.031467 0.114575 -0.668361 -0.102353 0.042163 -0.184018 0.651462 -0.192055
-0.039491 -0.014894 0.086322 -0.031460 0.114725 -0.667766 -0.102740 0.042305 -0.183592 0.650748 -0.191814
-0.039799 -0.015095 0.086511 -0.031525 0.114857 -0.667002 -0.103172 0.042376 -0.183191 0.649546 -0.191583
-0.040145 -0.015192 0.086838 -0.031696 0.114950 -0.666265 -0.103639 0.042341 -0.182827 0.647716 -0.191348
-0.040531 -0.015149 0.087304 -0.031998 0.115002 -0.665681 -0.104125 0.042173 -0.182516 0.644926 -0.191094
-0.040955 -0.014945 0.087870 -0.032437 0.115010 -0.665273 -0.104616 0.041855 -0.182273 0.640827 -0.190815
-0.041427 -0.014527 0.088684 -0.033002 0.114966 -0.665113 -0.105123 0.041398 -0.182124 0.635541 -0.190529
-0.041938 -0.013863 0.089677 -0.033702 0.114844 -0.665132 -0.105620 0.040767 -0.182111 0.627908 -0.190213
-0.042471 -0.012965 0.090724 -0.034497 0.114653 -0.665240 -0.106086 0.039973 -0.182248 0.617360 -0.189867
-0.043012 -0.011840 0.091772 -0.035357 0.114379 -0.665340 -0.106503 0.039015 -0.182536 0.603617 -0.189496
-0.043551 -0.010496 0.092798 -0.036253 0.114013 -0.665477 -0.106864 0.037878 -0.183002 0.586344 -0.189108
-0.044072 -0.008978 0.093727 -0.037172 0.113540 -0.665612 -0.107163 0.036542 -0.183689 0.564532 -0.188718
-0.044560 -0.007313 0.094462 -0.038072 0.112944 -0.665690 -0.107431 0.035022 -0.184685 0.538939 -0.188442
-0.044997 -0.005539 0.094853 -0.038897 0.112241 -0.665447 -0.107670 0.033340 -0.186083 0.509580 -0.188398
-0.045370 -0.003712 0.095023 -0.039593 0.111428 -0.664503 -0.107884 0.031568 -0.187991 0.476162 -0.188759
-0.045671 -0.001885 0.095042 -0.040148 0.110534 -0.662857 -0.108084 0.029777 -0.190344 0.439980 -0.189521
-0.045915 -0.000051 0.094445 -0.040555 0.109586 -0.660618 -0.108256 0.027882 -0.193395 0.399758 -0.191065
-0.046104 0.001676 0.093313 -0.040746 0.108611 -0.657890 -0.108387 0.025997 -0.197208 0.356872 -0.193583
-0.046243 0.003247 0.091928 -0.040755 0.107629 -0.654919 -0.108482 0.024170 -0.201642 0.313066 -0.196976
-0.046386 0.004644 0.089952 -0.040560 0.106678 -0.652098 -0.108533 0.022369 -0.207033 0.267586 -0.201607
-0.046552 0.005850 0.087306 -0.040152 0.105770 -0.649458 -0.108535 0.020582 -0.213647 0.220417 -0.207698
-0.046732 0.006826 0.084444 -0.039557 0.104909 -0.646927 -0.108486 0.018917 -0.221379 0.172935 -0.215087
-0.046926 0.007568 0.081561 -0.038824 0.104110 -0.645111 -0.108388 0.017414 -0.230282 0.124490 -0.223693
-0.047152 0.008094 0.078605 -0.037954 0.103325 -0.643979 -0.108223 0.016105 -0.240247 0.075539 -0.233422
-0.047456 0.008363 0.075251 -0.036948 0.102682 -0.643224 -0.107991 0.014792 -0.251266 0.027043 -0.244155
-0.047828 0.008420 0.071554 -0.035838 0.102159 -0.642799 -0.107702 0.013468 -0.263437 -0.020023 -0.255613
-0.048281 0.008191 0.067551 -0.034609 0.101796 -0.642356 -0.107331 0.012110 -0.276543 -0.066179 -0.267846
-0.048841 0.007744 0.062955 -0.033298 0.101605 -0.641335 -0.106869 0.010559 -0.290106 -0.112607 -0.280955
-0.049516 0.007087 0.057645 -0.031897 0.101629 -0.639765 -0.106323 0.008727 -0.305029 -0.159702 -0.295317
-0.050209 0.006286 0.052351 -0.030534 0.101766 -0.638002 -0.105702 0.006789 -0.320728 -0.205990 -0.310390
-0.050917 0.005338 0.047056 -0.029226 0.102034 -0.635755 -0.104994 0.004695 -0.337018 -0.252018 -0.326434
-0.051658 0.004348 0.041425 -0.027982 0.102449 -0.632899 -0.104227 0.002391 -0.354009 -0.296537 -0.343253
-0.052432 0.003316 0.035368 -0.026773 0.103003 -0.629320 -0.103428 -0.000120 -0.371543 -0.339243 -0.360873
-0.053200 0.002252 0.029230 -0.025640 0.103732 -0.625288 -0.102642 -0.002809 -0.389831 -0.380615 -0.379330
-0.053935 0.001266 0.022977 -0.024596 0.104543 -0.621097 -0.101905 -0.005648 -0.408876 -0.420332 -0.398479
-0.054664 0.000369 0.016338 -0.023600 0.105448 -0.616938 -0.101241 -0.008737 -0.428645 -0.460511 -0.418709
-0.055321 -0.000391 0.009783 -0.022671 0.106402 -0.613205 -0.100717 -0.012032 -0.449215 -0.499117 -0.439398
-0.055857 -0.001016 0.003814 -0.021843 0.107374 -0.610052 -0.100343 -0.015319 -0.470996 -0.533832 -0.459663
-0.056302 -0.001398 -0.002114 -0.021085 0.108356 -0.607046 -0.100158 -0.019004 -0.493288 -0.566394 -0.479701
-0.056685 -0.001595 -0.008103 -0.020337 0.109415 -0.603868 -0.100172 -0.023183 -0.516331 -0.597707 -0.499760
-0.056970 -0.001569 -0.013852 -0.019625 0.110541 -0.600842 -0.100409 -0.027847 -0.540117 -0.626607 -0.519149
-0.057184 -0.001329 -0.019576 -0.018942 0.111746 -0.598248 -0.100845 -0.033150 -0.564538 -0.654962 -0.538303
-0.057331 -0.000849 -0.025372 -0.018273 0.113044 -0.595343 -0.101449 -0.039263 -0.589551 -0.682665 -0.557221
-0.057442 -0.000174 -0.031389 -0.017615 0.114466 -0.592321 -0.102184 -0.046291 -0.615064 -0.709849 -0.575627
-0.057508 0.000653 -0.037335 -0.016984 0.115971 -0.589282 -0.103012 -0.054196 -0.641073 -0.736934 -0.593354
-0.057538 0.001610 -0.043181 -0.016422 0.117580 -0.586309 -0.103887 -0.062917 -0.666942 -0.762937 -0.610061
-0.057577 0.002670 -0.049184 -0.015953 0.119291 -0.583192 -0.104761 -0.072627 -0.693211 -0.788876 -0.625959
-0.057651 0.003808 -0.055504 -0.015575 0.121104 -0.580580 -0.105643 -0.083288 -0.719895 -0.817179 -0.642521
-0.057760 0.004992 -0.061970 -0.015306 0.122932 -0.577931 -0.106474 -0.094858 -0.746877 -0.845232 -0.658226
-0.057869 0.006242 -0.068412 -0.015117 0.124795 -0.574827 -0.107237 -0.107503 -0.774039 -0.872367 -0.673067
-0.058001 0.007520 -0.075007 -0.015053 0.126752 -0.572119 -0.107887 -0.121153 -0.801264 -0.899428 -0.687938
-0.058106 0.008784 -0.081143 -0.015120 0.128771 -0.569809 -0.108422 -0.135682 -0.828611 -0.925074 -0.701812
-0.058211 0.010028 -0.087074 -0.015294 0.130876 -0.567690 -0.108839 -0.151665 -0.856612 -0.947988 -0.713125
-0.058284 0.011225 -0.092422 -0.015648 0.133072 -0.566898 -0.109104 -0.168552 -0.884571 -0.969028 -0.723476
-0.058401 0.012338 -0.097791 -0.016221 0.135420 -0.567273 -0.109238 -0.186593 -0.912320 -0.987913 -0.732902
-0.058519 0.013333 -0.102704 -0.016944 0.137791 -0.567950 -0.109263 -0.205651 -0.940528 -1.004946 -0.740943
-0.058685 0.014241 -0.107718 -0.017762 0.140240 -0.568921 -0.109169 -0.225486 -0.967124 -1.018821 -0.748005
-0.058897 0.015069 -0.112794 -0.018670 0.142773 -0.569290 -0.109023 -0.246747 -0.993037 -1.028178 -0.752155
-0.059145 0.015793 -0.117771 -0.019676 0.145438 -0.569854 -0.108823 -0.269005 -1.017656 -1.033477 -0.753577
-0.059470 0.016384 -0.122865 -0.020833 0.148182 -0.571948 -0.108522 -0.292112 -1.041597 -1.034544 -0.751086
-0.059918 0.016897 -0.128485 -0.021988 0.150955 -0.573866 -0.108180 -0.316494 -1.064667 -1.030328 -0.743979
-0.060504 0.017337 -0.134786 -0.023223 0.153758 -0.574956 -0.107900 -0.342707 -1.087739 -1.023982 -0.736895
-0.061199 0.017688 -0.141320 -0.024600 0.156542 -0.576683 -0.107614 -0.368767 -1.108866 -1.018117 -0.733136
-0.062001 0.017715 -0.147720 -0.025942 0.159211 -0.576052 -0.107535 -0.395751 -1.129373 -1.011097 -0.731756
-0.062883 0.017429 -0.153567 -0.027300 0.161798 -0.573616 -0.107633 -0.423033 -1.148572 -1.003310 -0.734267
-0.063826 0.016809 -0.158828 -0.028813 0.164364 -0.570381 -0.107920 -0.450806 -1.166811 -0.994933 -0.741663
-0.064740 0.015782 -0.162680 -0.030414 0.166777 -0.566850 -0.108339 -0.478118 -1.184776 -0.985331 -0.749759
-0.065654 0.014354 -0.165282 -0.032202 0.169104 -0.563673 -0.108889 -0.505200 -1.201884 -0.973570 -0.760275
-0.066577 0.012809 -0.167154 -0.034235 0.171339 -0.561560 -0.109528 -0.531618 -1.218317 -0.960853 -0.773992
-0.067500 0.011146 -0.168284 -0.036377 0.173450 -0.558755 -0.110403 -0.557091 -1.233537 -0.947444 -0.792311
-0.068392 0.009354 -0.168313 -0.038706 0.175429 -0.555980 -0.111530 -0.581167 -1.247638 -0.933585 -0.815269
-0.069289 0.007482 -0.167565 -0.041168 0.177306 -0.553869 -0.112858 -0.603562 -1.259807 -0.916537 -0.839674
-0.070157 0.005525 -0.165988 -0.043690 0.179022 -0.551516 -0.114460 -0.624920 -1.271284 -0.895994 -0.863536
-0.071028 0.003767 -0.164416 -0.046339 0.180645 -0.550438 -0.116174 -0.644368 -1.281115 -0.872474 -0.886801
-0.071846 0.002264 -0.162726 -0.049004 0.182070 -0.550343 -0.118057 -0.662246 -1.290013 -0.846033 -0.908093
-0.072642 0.001076 -0.161281 -0.051565 0.183312 -0.550851 -0.120083 -0.678376 -1.297464 -0.816866 -0.927342
-0.073422 0.000241 -0.160229 -0.054095 0.184411 -0.551476 -0.122360 -0.693645 -1.304122 -0.786243 -0.948259
-0.074161 -0.000232 -0.159572 -0.056461 0.185305 -0.552221 -0.124807 -0.707179 -1.309483 -0.755834 -0.969752
-0.074819 -0.000655 -0.158554 -0.058568 0.185972 -0.552543 -0.127526 -0.719441 -1.314018 -0.726078 -0.991213
-0.075425 -0.001001 -0.157502 -0.060499 0.186459 -0.552950 -0.130387 -0.730794 -1.317720 -0.695689 -1.013681
-0.075960 -0.001288 -0.156438 -0.062247 0.186740 -0.553559 -0.133358 -0.741251 -1.320721 -0.664834 -1.037021
-0.076421 -0.001533 -0.155409 -0.063742 0.186789 -0.554292 -0.136370 -0.750518 -1.322923 -0.634023 -1.060826
-0.076842 -0.001727 -0.154607 -0.065019 0.186654 -0.555125 -0.139415 -0.759276 -1.324625 -0.601991 -1.085792
-0.077240 -0.001937 -0.153883 -0.066084 0.186355 -0.555887 -0.142398 -0.767838 -1.326011 -0.568733 -1.111519
-0.077635 -0.002213 -0.153213 -0.066920 0.185899 -0.556779 -0.145339 -0.775976 -1.327183 -0.534892 -1.137483
-0.078040 -0.002579 -0.152594 -0.067519 0.185299 -0.557691 -0.148212 -0.783831 -1.328268 -0.500449 -1.163518
-0.078471 -0.003029 -0.152081 -0.067884 0.184581 -0.558645 -0.150986 -0.791423 -1.329248 -0.466117 -1.189060
-0.078919 -0.003558 -0.151660 -0.068016 0.183735 -0.559550 -0.153647 -0.799109 -1.330343 -0.430539 -1.214957
-0.079371 -0.004066 -0.151568 -0.067968 0.182745 -0.560343 -0.156156 -0.807006 -1.331674 -0.392503 -1.242240
-0.079810 -0.004640 -0.151684 -0.067690 0.181624 -0.561021 -0.158506 -0.815016 -1.333172 -0.353912 -1.268947
-0.080232 -0.005293 -0.151963 -0.067182 0.180377 -0.561604 -0.160664 -0.823138 -1.334849 -0.314779 -1.294957
-0.080629 -0.006044 -0.152326 -0.066444 0.178992 -0.561999 -0.162612 -0.831516 -1.336825 -0.274434 -1.320508
-0.081003 -0.006896 -0.152743 -0.065488 0.177484 -0.562210 -0.164319 -0.839909 -1.339012 -0.234319 -1.344513
-0.081337 -0.007786 -0.153361 -0.064319 0.175845 -0.562393 -0.165879 -0.848226 -1.341480 -0.194432 -1.366967
-0.081622 -0.008598 -0.154304 -0.062961 0.174072 -0.562430 -0.167171 -0.856607 -1.344192 -0.154459 -1.388352
-0.081845 -0.009299 -0.155590 -0.061425 0.172160 -0.562365 -0.168204 -0.864957 -1.347150 -0.114663 -1.408576
-0.081996 -0.009895 -0.157192 -0.059765 0.170163 -0.562199 -0.168982 -0.873246 -1.350318 -0.075109 -1.427868
-0.082070 -0.010401 -0.159090 -0.057935 0.168053 -0.562173 -0.169497 -0.881174 -1.353458 -0.037267 -1.445542
-0.082061 -0.011016 -0.161040 -0.055878 0.165795 -0.562350 -0.169715 -0.888551 -1.356615 -0.001366 -1.461426
-0.081976 -0.011698 -0.162989 -0.053727 0.163506 -0.562737 -0.169700 -0.895244 -1.359919 0.032521 -1.475929
-0.081813 -0.012455 -0.164920 -0.051466 0.161159 -0.563381 -0.169407 -0.901125 -1.363358 0.064094 -1.489081
-0.081570 -0.013291 -0.166774 -0.049081 0.158733 -0.564514 -0.168831 -0.906023 -1.366876 0.092483 -1.500540
-0.081227 -0.014218 -0.168573 -0.046631 0.156263 -0.565800 -0.167996 -0.909817 -1.370682 0.118146 -1.510897
-0.080789 -0.015130 -0.170423 -0.044115 0.153745 -0.567104 -0.166888 -0.912361 -1.374520 0.139544 -1.519626
-0.080253 -0.016100 -0.172199 -0.041516 0.151158 -0.568440 -0.165527 -0.913723 -1.378265 0.156656 -1.526565
-0.079617 -0.017150 -0.173883 -0.038890 0.148556 -0.569742 -0.163972 -0.913467 -1.381999 0.168463 -1.531700
-0.078875 -0.018276 -0.175523 -0.036212 0.145894 -0.570913 -0.162233 -0.911329 -1.385884 0.175038 -1.535244
-0.078066 -0.019453 -0.177069 -0.033602 0.143285 -0.571874 -0.160390 -0.907646 -1.389897 0.177312 -1.537486
-0.077193 -0.020572 -0.178608 -0.031075 0.140757 -0.572492 -0.158451 -0.901934 -1.393870 0.173380 -1.537847
-0.076286 -0.021604 -0.180185 -0.028598 0.138266 -0.572838 -0.156438 -0.894301 -1.397769 0.164112 -1.536789
-0.075326 -0.022553 -0.181869 -0.026249 0.135852 -0.572822 -0.154468 -0.885507 -1.401451 0.150737 -1.534479
-0.074311 -0.023418 -0.183671 -0.023980 0.133570 -0.572241 -0.152535 -0.874746 -1.404824 0.130698 -1.529951
-0.073241 -0.024200 -0.185538 -0.021696 0.131373 -0.571308 -0.150627 -0.861899 -1.407657 0.103204 -1.522815
-0.072132 -0.025071 -0.187498 -0.019441 0.129339 -0.570195 -0.148811 -0.847594 -1.410096 0.070399 -1.513563
-0.070973 -0.026074 -0.189561 -0.017207 0.127508 -0.568843 -0.147111 -0.831795 -1.412200 0.031720 -1.501807
-0.069810 -0.027254 -0.191757 -0.014921 0.125894 -0.567322 -0.145471 -0.814393 -1.413781 -0.013122 -1.487138
-0.068675 -0.028651 -0.194122 -0.012673 0.124536 -0.565788 -0.143952 -0.796711 -1.414838 -0.061160 -1.470278
-0.067563 -0.030289 -0.196782 -0.010445 0.123429 -0.564131 -0.142515 -0.778781 -1.415553 -0.112657 -1.450887
-0.066526 -0.032101 -0.199620 -0.008324 0.122603 -0.562403 -0.141205 -0.761402 -1.415968 -0.165936 -1.429254
-0.065532 -0.034185 -0.202711 -0.006225 0.121959 -0.560687 -0.140000 -0.744585 -1.416111 -0.220335 -1.405790
-0.064631 -0.036461 -0.205954 -0.004149 0.121491 -0.558997 -0.138875 -0.728294 -1.416165 -0.277180 -1.379510
-0.063844 -0.038890 -0.209399 -0.002200 0.121356 -0.557050 -0.137865 -0.713668 -1.416575 -0.333610 -1.350951
-0.063186 -0.041531 -0.213075 -0.000357 0.121544 -0.554843 -0.137001 -0.701209 -1.417397 -0.388164 -1.320569
-0.062630 -0.044333 -0.216830 0.001444 0.122026 -0.552188 -0.136228 -0.690788 -1.419072 -0.441104 -1.288045
-0.062221 -0.047199 -0.220724 0.003112 0.122844 -0.548563 -0.135541 -0.682438 -1.421572 -0.492432 -1.253439
-0.061919 -0.050106 -0.224696 0.004637 0.124030 -0.544165 -0.134979 -0.676743 -1.425003 -0.539706 -1.218073
-0.061706 -0.053041 -0.228673 0.006123 0.125406 -0.539200 -0.134496 -0.673234 -1.429327 -0.584670 -1.181389
-0.061562 -0.055885 -0.232501 0.007524 0.126955 -0.533651 -0.134090 -0.671662 -1.434516 -0.627446 -1.143817
-0.061462 -0.058647 -0.236205 0.008857 0.128672 -0.527998 -0.133759 -0.671635 -1.440122 -0.667711 -1.106538
-0.061437 -0.061342 -0.239875 0.010164 0.130606 -0.522649 -0.133508 -0.673170 -1.446119 -0.706931 -1.068546
-0.061473 -0.064020 -0.243557 0.011475 0.132773 -0.516631 -0.133275 -0.676268 -1.452791 -0.743913 -1.030638
-0.061557 -0.066703 -0.247212 0.012812 0.135006 -0.510355 -0.133078 -0.680297 -1.459350 -0.779105 -0.993795
-0.061702 -0.069358 -0.250905 0.014133 0.137317 -0.503930 -0.132901 -0.685282 -1.465772 -0.812347 -0.958188
-0.061926 -0.072010 -0.254696 0.015435 0.139662 -0.497075 -0.132720 -0.690980 -1.471673 -0.844427 -0.923913
-0.062183 -0.074571 -0.258372 0.016663 0.142013 -0.490303 -0.132560 -0.697464 -1.477076 -0.873326 -0.892334
-0.062476 -0.077027 -0.261885 0.017790 0.144254 -0.484110 -0.132398 -0.704148 -1.481605 -0.900135 -0.863260
-0.062803 -0.079330 -0.265204 0.018783 0.146501 -0.478232 -0.132194 -0.710403 -1.485156 -0.924983 -0.837036
-0.063144 -0.081570 -0.268338 0.019690 0.148699 -0.472779 -0.131930 -0.716064 -1.487698 -0.947440 -0.813968
-0.063478 -0.083764 -0.271317 0.020500 0.150809 -0.467301 -0.131574 -0.721197 -1.489601 -0.967646 -0.793173
-0.063762 -0.085809 -0.273896 0.021098 0.152840 -0.461236 -0.131079 -0.725692 -1.490894 -0.984637 -0.775229
-0.063963 -0.087668 -0.276036 0.021448 0.154714 -0.455659 -0.130489 -0.728972 -1.491207 -0.998821 -0.760597
-0.064052 -0.089331 -0.277672 0.021506 0.156400 -0.450602 -0.129801 -0.731355 -1.490970 -1.009592 -0.748897
-0.064014 -0.090735 -0.278705 0.021225 0.157892 -0.446431 -0.129019 -0.732797 -1.490169 -1.017075 -0.739965
-0.063831 -0.091824 -0.279030 0.020559 0.159181 -0.443181 -0.128192 -0.733332 -1.488824 -1.020463 -0.734372
-0.063524 -0.092732 -0.278801 0.019611 0.160247 -0.440910 -0.127344 -0.733041 -1.486880 -1.020708 -0.731568
-0.063112 -0.093436 -0.278120 0.018419 0.161109 -0.438990 -0.126501 -0.732582 -1.484759 -1.017893 -0.730820
-0.062640 -0.093898 -0.277150 0.016986 0.161827 -0.437134 -0.125712 -0.732630 -1.482195 -1.012715 -0.731829
-0.062145 -0.094110 -0.276032 0.015354 0.162436 -0.435169 -0.124989 -0.733562 -1.479110 -1.005787 -0.734137
-0.061663 -0.094106 -0.274876 0.013577 0.162982 -0.433698 -0.124321 -0.735409 -1.475587 -0.997946 -0.737396
-0.061126 -0.093894 -0.273285 0.011625 0.163336 -0.432607 -0.123845 -0.738101 -1.471815 -0.987301 -0.742393
-0.060544 -0.093545 -0.271164 0.009504 0.163558 -0.431796 -0.123581 -0.741435 -1.467919 -0.974411 -0.748878
-0.059937 -0.093094 -0.268477 0.007284 0.163621 -0.431519 -0.123554 -0.745489 -1.463946 -0.958243 -0.757286
-0.059312 -0.092578 -0.265161 0.004982 0.163521 -0.431139 -0.123826 -0.750136 -1.459960 -0.939383 -0.767558
-0.058675 -0.092001 -0.261169 0.002606 0.163246 -0.430949 -0.124442 -0.755394 -1.455845 -0.916883 -0.780293
-0.058134 -0.091367 -0.256975 0.000227 0.162920 -0.431150 -0.125308 -0.761342 -1.451411 -0.892825 -0.794497
-0.057669 -0.090673 -0.252503 -0.002211 0.162545 -0.431755 -0.126426 -0.768177 -1.446400 -0.866238 -0.810754
-0.057248 -0.089962 -0.247656 -0.004680 0.162069 -0.432983 -0.127766 -0.775054 -1.441326 -0.837486 -0.828697
-0.056855 -0.089240 -0.242494 -0.007143 0.161478 -0.434904 -0.129294 -0.781539 -1.436444 -0.806229 -0.848367
-0.056473 -0.088515 -0.237057 -0.009569 0.160766 -0.436805 -0.130988 -0.787581 -1.431812 -0.773371 -0.869040
-0.056186 -0.087790 -0.231932 -0.011917 0.160061 -0.438384 -0.132856 -0.793236 -1.427391 -0.741749 -0.889242
-0.056081 -0.086915 -0.227670 -0.014109 0.159386 -0.439577 -0.134806 -0.798614 -1.423189 -0.708344 -0.910627
-0.056096 -0.085963 -0.223709 -0.016217 0.158711 -0.440545 -0.136902 -0.804132 -1.418863 -0.674646 -0.932530
-0.056224 -0.084922 -0.220036 -0.018256 0.158036 -0.441498 -0.139137 -0.809972 -1.414261 -0.639699 -0.955412
-0.056469 -0.083782 -0.216678 -0.020226 0.157357 -0.442558 -0.141501 -0.816069 -1.409429 -0.604905 -0.978271
-0.056709 -0.082586 -0.213021 -0.022123 0.156533 -0.443862 -0.143954 -0.822229 -1.404539 -0.566798 -1.002930
-0.056885 -0.081489 -0.208684 -0.023918 0.155543 -0.445311 -0.146545 -0.827921 -1.399893 -0.529622 -1.026647
-0.057077 -0.080377 -0.204505 -0.025537 0.154475 -0.446365 -0.149176 -0.833365 -1.395647 -0.491513 -1.050406
-0.057280 -0.079290 -0.200326 -0.027005 0.153324 -0.447003 -0.151875 -0.838687 -1.391786 -0.452389 -1.074257
-0.057505 -0.078217 -0.196092 -0.028358 0.152082 -0.447240 -0.154669 -0.844057 -1.388260 -0.410105 -1.099514
-0.057777 -0.077102 -0.191803 -0.029565 0.150737 -0.447648 -0.157379 -0.849583 -1.385010 -0.364950 -1.126039
-0.058052 -0.076006 -0.187342 -0.030654 0.149306 -0.448040 -0.160100 -0.855861 -1.381686 -0.319391 -1.151937
-0.058364 -0.074946 -0.183009 -0.031583 0.147840 -0.448092 -0.162734 -0.861958 -1.378873 -0.273992 -1.177326
-0.058719 -0.073910 -0.178951 -0.032330 0.146368 -0.447837 -0.165199 -0.867844 -1.376669 -0.229730 -1.201538
-0.059108 -0.072919 -0.175189 -0.032884 0.144918 -0.447311 -0.167418 -0.873421 -1.375180 -0.186661 -1.224684
-0.059544 -0.071938 -0.171907 -0.033315 0.143528 -0.446067 -0.169515 -0.878662 -1.374463 -0.146667 -1.245536
-0.060089 -0.070828 -0.169527 -0.033634 0.142225 -0.444435 -0.171340 -0.883815 -1.374427 -0.106289 -1.266294
-0.060658 -0.069687 -0.167173 -0.033937 0.140958 -0.442896 -0.172970 -0.888923 -1.374760 -0.067190 -1.286035
-0.061245 -0.068487 -0.164829 -0.034249 0.139744 -0.441539 -0.174399 -0.893938 -1.375387 -0.029776 -1.304673
-0.061841 -0.067204 -0.162502 -0.034599 0.138587 -0.440599 -0.175629 -0.898538 -1.376358 0.004311 -1.321417
-0.062396 -0.065909 -0.159915 -0.034964 0.137507 -0.439787 -0.176717 -0.902904 -1.377485 0.035879 -1.336893
-0.062887 -0.064633 -0.156748 -0.035351 0.136468 -0.439301 -0.177638 -0.906269 -1.379121 0.064375 -1.351543
-0.063340 -0.063272 -0.153549 -0.035723 0.135518 -0.438979 -0.178390 -0.909141 -1.380788 0.089431 -1.364735
-0.063752 -0.061851 -0.150344 -0.036054 0.134662 -0.438759 -0.178995 -0.911322 -1.382387 0.110668 -1.376449
-0.064118 -0.060400 -0.147151 -0.036290 0.133910 -0.438382 -0.179468 -0.912913 -1.383708 0.128002 -1.386691
-0.064445 -0.058931 -0.144152 -0.036419 0.133251 -0.438101 -0.179777 -0.913470 -1.384781 0.140701 -1.395361
-0.064713 -0.057528 -0.141179 -0.036412 0.132691 -0.437640 -0.179984 -0.912844 -1.385572 0.148167 -1.402346
-0.064898 -0.056266 -0.138113 -0.036233 0.132214 -0.437080 -0.180078 -0.910961 -1.386204 0.150891 -1.407819
-0.065021 -0.055204 -0.135150 -0.035864 0.131819 -0.436366 -0.180033 -0.907886 -1.386390 0.148264 -1.411535
-0.065109 -0.054382 -0.132500 -0.035277 0.131538 -0.435093 -0.179827 -0.904132 -1.385804 0.141004 -1.413667
-0.065212 -0.053771 -0.130540 -0.034492 0.131402 -0.433190 -0.179411 -0.899733 -1.384614 0.129637 -1.414241
-0.065288 -0.053459 -0.128893 -0.033561 0.131363 -0.431120 -0.178732 -0.894597 -1.382819 0.113192 -1.412668
-0.065340 -0.053442 -0.127360 -0.032538 0.131411 -0.428879 -0.177752 -0.888759 -1.380397 0.091941 -1.409233
-0.065376 -0.053701 -0.125909 -0.031475 0.131545 -0.426485 -0.176440 -0.882360 -1.377662 0.066843 -1.404171
-0.065382 -0.054204 -0.124308 -0.030456 0.131743 -0.424324 -0.174755 -0.875175 -1.374999 0.037734 -1.397344
-0.065328 -0.054961 -0.122131 -0.029523 0.131980 -0.422456 -0.172697 -0.867600 -1.372354 0.004834 -1.388703
-0.065284 -0.055829 -0.119976 -0.028678 0.132333 -0.420355 -0.170261 -0.860402 -1.369660 -0.030307 -1.378448
-0.065276 -0.056764 -0.117988 -0.027937 0.132801 -0.417991 -0.167471 -0.853954 -1.366743 -0.067486 -1.366486
-0.065298 -0.057705 -0.116036 -0.027302 0.133400 -0.415295 -0.164352 -0.848528 -1.363848 -0.105780 -1.352916
-0.065330 -0.058638 -0.113911 -0.026768 0.134094 -0.412470 -0.160959 -0.844169 -1.361124 -0.144856 -1.337801
-0.065373 -0.059545 -0.111636 -0.026343 0.134822 -0.409802 -0.157422 -0.841117 -1.358298 -0.185023 -1.320958
-0.065425 -0.060401 -0.109224 -0.025960 0.135679 -0.406780 -0.153722 -0.839703 -1.355347 -0.225177 -1.302762
-0.065493 -0.061212 -0.106736 -0.025590 0.136674 -0.403378 -0.149915 -0.839542 -1.352664 -0.264112 -1.283946
-0.065593 -0.061988 -0.104275 -0.025214 0.137796 -0.399679 -0.146059 -0.840243 -1.350282 -0.301613 -1.264996
-0.065754 -0.062720 -0.102094 -0.024799 0.139079 -0.395473 -0.142198 -0.843099 -1.347322 -0.338408 -1.245303
-0.065976 -0.063408 -0.100193 -0.024315 0.140583 -0.390446 -0.138285 -0.848121 -1.343930 -0.373774 -1.225340
-0.066265 -0.064070 -0.098514 -0.023807 0.142215 -0.385293 -0.134429 -0.855062 -1.340052 -0.408584 -1.205120
-0.066624 -0.064704 -0.097016 -0.023293 0.143978 -0.380200 -0.130655 -0.863655 -1.335745 -0.443157 -1.184850
-0.067025 -0.065294 -0.095502 -0.022781 0.145881 -0.375314 -0.126993 -0.874879 -1.330456 -0.478510 -1.164078
-0.067463 -0.065835 -0.093920 -0.022301 0.147856 -0.370276 -0.123421 -0.887571 -1.324851 -0.513485 -1.143779
-0.067904 -0.066362 -0.091935 -0.021814 0.150021 -0.365676 -0.119933 -0.901289 -1.319125 -0.548232 -1.124209
-0.068396 -0.066826 -0.090048 -0.021332 0.152326 -0.361696 -0.116627 -0.916087 -1.313114 -0.582529 -1.105616
-0.068964 -0.067182 -0.088571 -0.020865 0.154696 -0.358376 -0.113557 -0.932464 -1.306454 -0.616807 -1.087627
-0.069525 -0.067473 -0.086964 -0.020402 0.157144 -0.355655 -0.110688 -0.950432 -1.298879 -0.650586 -1.070492
-0.070059 -0.067706 -0.085204 -0.019924 0.159701 -0.354055 -0.108065 -0.968729 -1.291004 -0.683346 -1.055013
-0.070610 -0.067818 -0.083811 -0.019460 0.162254 -0.353587 -0.105779 -0.987008 -1.282882 -0.714552 -1.041237
-0.071101 -0.067868 -0.082336 -0.018986 0.164835 -0.354693 -0.103813 -1.004591 -1.274873 -0.743808 -1.029134
-0.071543 -0.067815 -0.080899 -0.018488 0.167430 -0.357217 -0.102144 -1.021478 -1.266961 -0.771009 -1.018654
-0.071995 -0.067627 -0.080054 -0.017985 0.169930 -0.361122 -0.100823 -1.035859 -1.260097 -0.794967 -1.010300
-0.072330 -0.067465 -0.078904 -0.017455 0.172376 -0.365791 -0.099732 -1.049612 -1.252874 -0.816086 -1.003723
-0.072504 -0.067359 -0.077242 -0.016967 0.174566 -0.370257 -0.098768 -1.062630 -1.245463 -0.834284 -0.998892
-0.072508 -0.067329 -0.074953 -0.016514 0.176540 -0.374600 -0.097917 -1.074887 -1.237949 -0.848909 -0.995429
-0.072274 -0.067481 -0.071472 -0.016092 0.178351 -0.378816 -0.097130 -1.086189 -1.230484 -0.860027 -0.993251
-0.071925 -0.067574 -0.067704 -0.015708 0.179991 -0.382866 -0.096417 -1.096884 -1.223101 -0.868696 -0.991602
-0.071630 -0.067392 -0.064743 -0.015339 0.181551 -0.388815 -0.096002 -1.105865 -1.216839 -0.874090 -0.990215
-0.071155 -0.067001 -0.061175 -0.015117 0.182908 -0.394268 -0.095713 -1.115123 -1.210044 -0.877458 -0.989803
-0.070542 -0.066317 -0.057158 -0.015066 0.183971 -0.398061 -0.095434 -1.124975 -1.202489 -0.880018 -0.990627
-0.069801 -0.065255 -0.052721 -0.015186 0.184738 -0.400193 -0.095162 -1.135367 -1.194148 -0.876175 -0.991787
-0.068827 -0.064040 -0.046952 -0.015461 0.185285 -0.400670 -0.094832 -1.146860 -1.184600 -0.865142 -0.993347
-0.067739 -0.062504 -0.040728 -0.015949 0.185465 -0.399016 -0.094460 -1.158393 -1.174651 -0.847916 -0.994804
-0.066850 -0.060506 -0.035752 -0.016415 0.185715 -0.398671 -0.094280 -1.168787 -1.165529 -0.821706 -0.995718
-0.066149 -0.058056 -0.032009 -0.016881 0.185980 -0.396821 -0.094205 -1.178041 -1.157228 -0.786502 -0.996890
-0.065659 -0.055162 -0.029657 -0.017362 0.186262 -0.393347 -0.094220 -1.188219 -1.146300 -0.748126 -0.998877
-0.065095 -0.052059 -0.026090 -0.018231 0.186293 -0.390317 -0.094325 -1.198096 -1.134658 -0.707260 -1.001681
-0.064292 -0.049021 -0.020183 -0.019521 0.185919 -0.385182 -0.094252 -1.209223 -1.120489 -0.664471 -1.005495
-0.063440 -0.046099 -0.012971 -0.021121 0.185240 -0.379699 -0.094064 -1.219990 -1.104857 -0.619073 -1.009549
-0.062511 -0.043407 -0.004314 -0.023006 0.184318 -0.376821 -0.093854 -1.230261 -1.087768 -0.571271 -1.013396
-0.061519 -0.040920 0.005664 -0.025154 0.183143 -0.376101 -0.093674 -1.238579 -1.072830 -0.526263 -1.017549
-0.060742 -0.038506 0.014378 -0.027211 0.182017 -0.375479 -0.093524 -1.246412 -1.056929 -0.482898 -1.022552
-0.060215 -0.036083 0.021630 -0.029130 0.181110 -0.376418 -0.093510 -1.253605 -1.040568 -0.440052 -1.028490
-0.059700 -0.033703 0.028703 -0.031063 0.180024 -0.375053 -0.093454 -1.261432 -1.022402 -0.401500 -1.035674
-0.059225 -0.031327 0.035469 -0.033004 0.178786 -0.374002 -0.093421 -1.269851 -1.002420 -0.368112 -1.043383
-0.058773 -0.029056 0.042080 -0.034936 0.177395 -0.373989 -0.093387 -1.277040 -0.983465 -0.334313 -1.050846
-0.058587 -0.026825 0.046301 -0.036434 0.176072 -0.372323 -0.093386 -1.284007 -0.964511 -0.299298 -1.058331
-0.058667 -0.024640 0.048129 -0.037476 0.174801 -0.369461 -0.093577 -1.290354 -0.946695 -0.263516 -1.065682
-0.059036 -0.022449 0.047449 -0.038006 0.173717 -0.366632 -0.094074 -1.296201 -0.930332 -0.227968 -1.072392
-0.059683 -0.020230 0.044310 -0.038032 0.172827 -0.361438 -0.094834 -1.301699 -0.915432 -0.191712 -1.078578
-0.060595 -0.018113 0.038799 -0.037576 0.172142 -0.354688 -0.095832 -1.308378 -0.898589 -0.155048 -1.084541
-0.061540 -0.016089 0.033088 -0.036973 0.171343 -0.348185 -0.097083 -1.314826 -0.882975 -0.118737 -1.090672
-0.062508 -0.014258 0.027159 -0.036248 0.170453 -0.341604 -0.098425 -1.321230 -0.868091 -0.083871 -1.096826
-0.063462 -0.012682 0.021237 -0.035471 0.169555 -0.335834 -0.099809 -1.327620 -0.854029 -0.048059 -1.103644
-0.064413 -0.011387 0.015096 -0.034642 0.168648 -0.330879 -0.101233 -1.334020 -0.840790 -0.011267 -1.111091
-0.065363 -0.010243 0.008633 -0.033759 0.167733 -0.325798 -0.102708 -1.340194 -0.829084 0.027904 -1.119928
-0.066330 -0.009200 0.006239 -0.033610 0.166711 -0.326013 -0.104294 -1.344577 -0.822178 0.064370 -1.128462
-0.067311 -0.008202 0.008026 -0.034211 0.165584 -0.331091 -0.105833 -1.347350 -0.819582 0.099727 -1.137275
-0.068339 -0.007191 0.014348 -0.035676 0.164282 -0.340960 -0.107292 -1.347988 -0.822048 0.133804 -1.146546
-0.069434 -0.006140 0.025265 -0.037881 0.162744 -0.354988 -0.108745 -1.346559 -0.829375 0.166842 -1.156390
-0.070558 -0.005075 0.041083 -0.040800 0.160954 -0.373042 -0.110149 -1.342800 -0.841512 0.197525 -1.166467
-0.071679 -0.004045 0.057412 -0.043849 0.159229 -0.391379 -0.111351 -1.338700 -0.854338 0.226079 -1.176355
-0.072870 -0.002944 0.075071 -0.047138 0.157511 -0.410759 -0.112588 -1.333752 -0.868962 0.251350 -1.185855
-0.074113 -0.001794 0.093626 -0.050527 0.155794 -0.430625 -0.113889 -1.328144 -0.884635 0.271622 -1.194210
-0.075402 -0.000606 0.113239 -0.054122 0.154108 -0.451448 -0.115145 -1.321816 -0.901394 0.286467 -1.201425
-0.076790 0.000663 0.133634 -0.057921 0.152452 -0.473335 -0.116396 -1.314696 -0.919091 0.294689 -1.207004
-0.078261 0.002035 0.151359 -0.061271 0.150922 -0.491693 -0.117661 -1.308118 -0.934670 0.300641 -1.212099
-0.079742 0.003406 0.165633 -0.063997 0.149600 -0.506033 -0.118915 -1.302426 -0.946989 0.302999 -1.216141
-0.081192 0.004787 0.176456 -0.066071 0.148478 -0.515872 -0.120143 -1.297730 -0.955993 0.302578 -1.219325
-0.082565 0.006172 0.183994 -0.067615 0.147615 -0.522016 -0.121304 -1.293978 -0.961816 0.298800 -1.221429
-0.083850 0.007567 0.188268 -0.068564 0.147085 -0.524292 -0.122516 -1.291395 -0.964532 0.292555 -1.222886
-0.085075 0.008951 0.192731 -0.069444 0.146635 -0.526486 -0.123803 -1.288450 -0.966804 0.281944 -1.223030
-0.086123 0.010223 0.196910 -0.070169 0.146280 -0.528192 -0.125039 -1.285694 -0.967701 0.268371 -1.221975
-0.087034 0.011375 0.200794 -0.070774 0.146045 -0.529876 -0.126238 -1.283247 -0.967024 0.252417 -1.219747
-0.087692 0.012661 0.206173 -0.071464 0.145845 -0.533188 -0.127750 -1.280749 -0.966269 0.232951 -1.216066
-0.088078 0.014084 0.213200 -0.072330 0.145624 -0.538302 -0.129462 -1.278391 -0.965220 0.209803 -1.210732
-0.088376 0.015680 0.220463 -0.073430 0.145355 -0.545400 -0.131261 -1.276415 -0.963708 0.183467 -1.204101
-0.088695 0.017628 0.228695 -0.074966 0.145069 -0.552482 -0.132664 -1.274555 -0.962955 0.154234 -1.196133
-0.089023 0.019902 0.237793 -0.076903 0.144819 -0.559999 -0.133729 -1.273016 -0.962806 0.121910 -1.186723
-0.089527 0.022334 0.245836 -0.078985 0.144692 -0.565292 -0.134049 -1.272345 -0.961980 0.088199 -1.176294
-0.090218 0.024948 0.252866 -0.081336 0.144656 -0.568143 -0.133476 -1.272590 -0.960371 0.053228 -1.164811
-0.090986 0.027753 0.260318 -0.083950 0.144709 -0.568362 -0.132125 -1.273576 -0.958836 0.017301 -1.152507
-0.091835 0.030687 0.267915 -0.086759 0.144773 -0.568787 -0.130552 -1.275302 -0.957167 -0.019886 -1.139675
-0.092815 0.033835 0.275980 -0.089873 0.144863 -0.570193 -0.128789 -1.277404 -0.956360 -0.058697 -1.126569
-0.093994 0.036892 0.282968 -0.092973 0.144989 -0.571123 -0.126724 -1.280149 -0.955160 -0.097579 -1.113755
-0.095364 0.039845 0.288920 -0.095983 0.145242 -0.569985 -0.124151 -1.283639 -0.953517 -0.136338 -1.101396
-0.096711 0.042541 0.294394 -0.098747 0.145701 -0.566365 -0.121069 -1.288136 -0.950429 -0.174329 -1.089551
-0.098041 0.044941 0.299136 -0.101256 0.146374 -0.563536 -0.118033 -1.293479 -0.946045 -0.211743 -1.078483
-0.099330 0.046984 0.303034 -0.103467 0.147179 -0.558743 -0.114745 -1.299729 -0.939893 -0.248008 -1.068425
-0.100442 0.048830 0.307798 -0.105645 0.148079 -0.554750 -0.111598 -1.306363 -0.933367 -0.284326 -1.059204
-0.101430 0.050483 0.312984 -0.107740 0.149015 -0.553092 -0.108917 -1.312879 -0.927029 -0.320165 -1.051048
-0.102399 0.052013 0.318098 -0.109841 0.149983 -0.554015 -0.106685 -1.319461 -0.920803 -0.356199 -1.043936
-0.103360 0.053469 0.323283 -0.111963 0.150977 -0.553636 -0.104349 -1.326150 -0.914706 -0.391618 -1.037893
-0.104263 0.054798 0.328531 -0.114053 0.151985 -0.553547 -0.102082 -1.332973 -0.908627 -0.426056 -1.032868
-0.105148 0.056058 0.333431 -0.116075 0.153034 -0.552439 -0.099735 -1.340448 -0.901772 -0.459269 -1.028727
-0.105998 0.057223 0.338274 -0.118036 0.154017 -0.553007 -0.097689 -1.348449 -0.894410 -0.490938 -1.025505
-0.106820 0.058296 0.343070 -0.119923 0.155037 -0.553622 -0.095927 -1.356394 -0.887289 -0.520789 -1.023080
-0.107594 0.059247 0.348150 -0.121753 0.156009 -0.553492 -0.094413 -1.364098 -0.880679 -0.547901 -1.021393
-0.108352 0.060106 0.353189 -0.123478 0.156989 -0.553648 -0.093373 -1.371606 -0.874447 -0.571665 -1.020327
-0.109111 0.060882 0.358267 -0.125127 0.157901 -0.554037 -0.092785 -1.378723 -0.868865 -0.591697 -1.019736
-0.109813 0.061542 0.363507 -0.126649 0.158882 -0.553585 -0.092436 -1.385830 -0.863297 -0.607740 -1.019383
-0.110499 0.062114 0.368687 -0.128062 0.159744 -0.554258 -0.092376 -1.392537 -0.858216 -0.618683 -1.019299
-0.111161 0.062609 0.373855 -0.129332 0.160619 -0.557530 -0.092711 -1.398778 -0.853573 -0.625520 -1.019356
-0.111787 0.063050 0.379096 -0.130497 0.161419 -0.561191 -0.093208 -1.404528 -0.849304 -0.627561 -1.019475
-0.112349 0.063426 0.384647 -0.131512 0.162235 -0.565742 -0.093962 -1.409477 -0.845686 -0.624758 -1.019662
-0.112936 0.063803 0.389957 -0.132386 0.163068 -0.567399 -0.094723 -1.413555 -0.842648 -0.617116 -1.019942
-0.113540 0.064181 0.395113 -0.133115 0.163835 -0.567595 -0.095501 -1.417127 -0.839615 -0.605144 -1.020371
-0.114187 0.064576 0.399820 -0.133721 0.164461 -0.565976 -0.096209 -1.420347 -0.836267 -0.588421 -1.020998
-0.114903 0.064990 0.404206 -0.134187 0.164992 -0.563504 -0.096847 -1.423172 -0.832680 -0.568006 -1.021902
-0.115701 0.065439 0.408006 -0.134514 0.165406 -0.559700 -0.097363 -1.425798 -0.828549 -0.544135 -1.023140
-0.116565 0.065909 0.411631 -0.134776 0.165598 -0.556588 -0.097706 -1.428354 -0.823779 -0.517393 -1.024744
-0.117459 0.066383 0.415117 -0.134955 0.165719 -0.552497 -0.097803 -1.430838 -0.818430 -0.487913 -1.026721
-0.118403 0.066876 0.418230 -0.135059 0.165755 -0.546817 -0.097592 -1.433356 -0.812406 -0.455490 -1.029021
-0.119443 0.067378 0.421254 -0.135191 0.165746 -0.539971 -0.097127 -1.435869 -0.806016 -0.422053 -1.031516
-0.120627 0.067919 0.424400 -0.135458 0.165566 -0.532129 -0.096171 -1.438309 -0.799627 -0.386988 -1.034326
-0.121895 0.068470 0.427767 -0.135823 0.165318 -0.526014 -0.094987 -1.440670 -0.793295 -0.350425 -1.037462
-0.123279 0.069039 0.431442 -0.136334 0.164933 -0.521893 -0.093550 -1.443053 -0.787030 -0.312837 -1.040895
-0.124775 0.069601 0.435679 -0.136977 0.164448 -0.520197 -0.091906 -1.445420 -0.781057 -0.275048 -1.044674
-0.126330 0.070163 0.440249 -0.137746 0.163812 -0.521033 -0.090070 -1.447877 -0.775245 -0.235605 -1.048874
-0.127876 0.070681 0.445163 -0.138615 0.163126 -0.524779 -0.088233 -1.450463 -0.769551 -0.195642 -1.053398
-0.129408 0.071165 0.450025 -0.139513 0.162336 -0.528915 -0.086380 -1.453236 -0.763928 -0.155224 -1.058208
-0.131029 0.071674 0.455103 -0.140551 0.161484 -0.533670 -0.084633 -1.456038 -0.758906 -0.114555 -1.063349
-0.132693 0.072189 0.460447 -0.141686 0.160531 -0.539003 -0.083057 -1.458876 -0.754531 -0.073697 -1.068786
-0.134336 0.072715 0.465581 -0.142775 0.159507 -0.544137 -0.081635 -1.461783 -0.750545 -0.032506 -1.074513
-0.135926 0.073229 0.470391 -0.143801 0.158463 -0.549042 -0.080527 -1.464967 -0.746725 0.008845 -1.080522
-0.137593 0.073728 0.475591 -0.144862 0.157378 -0.552877 -0.079669 -1.468220 -0.743726 0.049213 -1.086450
-0.139276 0.074183 0.480601 -0.145853 0.156310 -0.555292 -0.079093 -1.471591 -0.741230 0.089374 -1.092758
-0.140996 0.074598 0.485418 -0.146826 0.155346 -0.556433 -0.078787 -1.475252 -0.739031 0.129046 -1.099230
-0.142825 0.074965 0.490455 -0.147802 0.154438 -0.557669 -0.079009 -1.479169 -0.737330 0.167801 -1.105767
-0.144867 0.075324 0.495873 -0.148789 0.153522 -0.558946 -0.079667 -1.483079 -0.736469 0.205324 -1.112333
-0.147059 0.075685 0.501332 -0.149793 0.152690 -0.561323 -0.080790 -1.487003 -0.736125 0.242280 -1.119150
-0.149315 0.075988 0.506709 -0.150690 0.151877 -0.564010 -0.082301 -1.491099 -0.735740 0.277564 -1.125678
-0.151637 0.076239 0.511938 -0.151506 0.151092 -0.566990 -0.084134 -1.495040 -0.735592 0.310944 -1.132190
-0.154017 0.076445 0.516976 -0.152312 0.150379 -0.569579 -0.086029 -1.498806 -0.735647 0.342959 -1.138948
-0.156530 0.076590 0.522066 -0.153160 0.149708 -0.572097 -0.088101 -1.502226 -0.736007 0.372330 -1.145478
-0.158999 0.076681 0.526474 -0.153944 0.149078 -0.575312 -0.090277 -1.505410 -0.736113 0.399743 -1.152181
-0.161409 0.076752 0.530465 -0.154734 0.148482 -0.579733 -0.092555 -1.508327 -0.736151 0.424189 -1.158443
-0.163812 0.076829 0.534402 -0.155564 0.147758 -0.585153 -0.095051 -1.510786 -0.736273 0.445309 -1.164257
-0.166179 0.076914 0.538429 -0.156519 0.146968 -0.590591 -0.097528 -1.512657 -0.736669 0.462242 -1.169366
-0.168367 0.077028 0.542099 -0.157543 0.146113 -0.595382 -0.099761 -1.514054 -0.737204 0.475805 -1.174181
-0.170500 0.077181 0.545916 -0.158727 0.145143 -0.598797 -0.101721 -1.514822 -0.738448 0.485247 -1.178329
-0.172573 0.077372 0.549871 -0.160050 0.144048 -0.601372 -0.103559 -1.514798 -0.740190 0.490868 -1.182171
-0.174554 0.077608 0.553951 -0.161488 0.142911 -0.603275 -0.105208 -1.514233 -0.742245 0.492749 -1.185298
-0.176456 0.077884 0.558150 -0.162957 0.141671 -0.605231 -0.106913 -1.513249 -0.744339 0.491092 -1.187551
-0.178168 0.078199 0.562212 -0.164311 0.140401 -0.606811 -0.108613 -1.511868 -0.746204 0.485815 -1.188815
-0.179713 0.078502 0.565885 -0.165525 0.139107 -0.608003 -0.110360 -1.510201 -0.747574 0.476626 -1.188758
-0.181204 0.078850 0.569755 -0.166707 0.137794 -0.608720 -0.112097 -1.508328 -0.749021 0.464042 -1.187394
-0.182524 0.079186 0.572887 -0.167693 0.136592 -0.608892 -0.113730 -1.506449 -0.750140 0.448366 -1.184709
-0.183697 0.079524 0.575104 -0.168438 0.135528 -0.608292 -0.115274 -1.504647 -0.750895 0.429334 -1.180681
-0.184836 0.079840 0.576747 -0.169070 0.134625 -0.607935 -0.116856 -1.503077 -0.751204 0.407507 -1.175057
-0.185917 0.080149 0.578031 -0.169551 0.133897 -0.607689 -0.118478 -1.501775 -0.751034 0.383017 -1.168058
-0.186881 0.080411 0.578537 -0.169866 0.133393 -0.607255 -0.119892 -1.500872 -0.750504 0.356486 -1.159824
-0.187852 0.080645 0.578823 -0.170057 0.133107 -0.606769 -0.121266 -1.500534 -0.749620 0.328049 -1.150307
-0.188827 0.080822 0.578804 -0.170171 0.133017 -0.606445 -0.122583 -1.500706 -0.748592 0.297620 -1.139591
-0.189856 0.080955 0.578606 -0.170287 0.133120 -0.605759 -0.123566 -1.501286 -0.747816 0.266491 -1.128357
-0.190979 0.081084 0.578632 -0.170458 0.133417 -0.604855 -0.124213 -1.502511 -0.747293 0.234438 -1.116415
-0.192154 0.081151 0.578503 -0.170602 0.133939 -0.603834 -0.124609 -1.504442 -0.746407 0.201389 -1.103862
-0.193374 0.081172 0.578378 -0.170803 0.134621 -0.602264 -0.124512 -1.506836 -0.745469 0.167604 -1.091092
-0.194606 0.081144 0.578433 -0.171079 0.135458 -0.600038 -0.123842 -1.509755 -0.744324 0.134337 -1.078437
-0.195814 0.081069 0.578491 -0.171336 0.136429 -0.597411 -0.122822 -1.513267 -0.742756 0.100097 -1.065588
-0.196997 0.080942 0.578324 -0.171563 0.137546 -0.594205 -0.121391 -1.517199 -0.740838 0.065757 -1.052930
-0.198224 0.080814 0.578210 -0.171813 0.138765 -0.590364 -0.119621 -1.521502 -0.738797 0.031412 -1.040519
-0.199436 0.080663 0.577818 -0.172093 0.140027 -0.586288 -0.117577 -1.526004 -0.736621 -0.002692 -1.028646
-0.200667 0.080531 0.577326 -0.172388 0.141364 -0.582154 -0.115345 -1.530726 -0.734329 -0.037006 -1.017208
-0.201874 0.080414 0.576684 -0.172706 0.142695 -0.578572 -0.113196 -1.535649 -0.731831 -0.071329 -1.006197
-0.203043 0.080296 0.575945 -0.173029 0.144032 -0.575084 -0.110935 -1.540573 -0.729330 -0.104745 -0.996007
-0.204142 0.080173 0.575110 -0.173349 0.145334 -0.571420 -0.108497 -1.545377 -0.726907 -0.136949 -0.986727
-0.205203 0.080097 0.574336 -0.173635 0.146625 -0.568039 -0.106127 -1.550142 -0.724543 -0.167700 -0.978230
-0.206204 0.080052 0.573411 -0.173869 0.147885 -0.564852 -0.103817 -1.554704 -0.722325 -0.197288 -0.970539
-0.207170 0.080032 0.572504 -0.174049 0.149142 -0.561133 -0.101366 -1.558959 -0.720394 -0.224211 -0.963973
-0.208085 0.080036 0.571536 -0.174175 0.150349 -0.557662 -0.099062 -1.562898 -0.718664 -0.248904 -0.958305
-0.208940 0.080066 0.570562 -0.174233 0.151520 -0.554658 -0.096958 -1.566446 -0.717158 -0.271062 -0.953573
-0.209726 0.080086 0.569667 -0.174224 0.152635 -0.551405 -0.094866 -1.569516 -0.715931 -0.290493 -0.949778
-0.210426 0.080087 0.568919 -0.174150 0.153655 -0.547813 -0.092784 -1.572066 -0.715009 -0.306287 -0.947011
-0.211056 0.080076 0.568260 -0.174024 0.154599 -0.543932 -0.090689 -1.574144 -0.714373 -0.318949 -0.945050
-0.211596 0.080064 0.567618 -0.173798 0.155442 -0.540057 -0.088838 -1.575646 -0.714020 -0.328226 -0.943959
-0.212052 0.080067 0.566942 -0.173487 0.156170 -0.536330 -0.087286 -1.576561 -0.713926 -0.334143 -0.943707
-0.212407 0.080039 0.566341 -0.173046 0.156787 -0.532812 -0.086012 -1.576936 -0.713985 -0.336627 -0.944266
-0.212669 0.079982 0.565818 -0.172469 0.157292 -0.529772 -0.085085 -1.576798 -0.714135 -0.335816 -0.945616
-0.212817 0.079895 0.565382 -0.171735 0.157656 -0.527258 -0.084519 -1.576105 -0.714317 -0.331676 -0.947814
-0.212867 0.079771 0.565098 -0.170893 0.157894 -0.524845 -0.084032 -1.575007 -0.714449 -0.324471 -0.950750
-0.212823 0.079613 0.564980 -0.169952 0.158018 -0.522523 -0.083597 -1.573649 -0.714439 -0.314273 -0.954349
-0.212707 0.079467 0.564941 -0.168953 0.158019 -0.520564 -0.083239 -1.572015 -0.714305 -0.301340 -0.958661
-0.212533 0.079346 0.564916 -0.167910 0.157906 -0.518806 -0.082869 -1.570164 -0.714009 -0.285843 -0.963710
-0.212314 0.079258 0.564852 -0.166836 0.157707 -0.517503 -0.082454 -1.568206 -0.713514 -0.268104 -0.969455
-0.212054 0.079214 0.564877 -0.165788 0.157435 -0.517109 -0.081923 -1.566105 -0.712865 -0.248308 -0.975990
-0.211757 0.079201 0.565075 -0.164760 0.157099 -0.517607 -0.081263 -1.563788 -0.712142 -0.226747 -0.983391
-0.211430 0.079238 0.565345 -0.163800 0.156741 -0.519530 -0.080517 -1.561365 -0.711328 -0.203574 -0.991602
-0.211074 0.079323 0.565744 -0.162932 0.156285 -0.522058 -0.079654 -1.558860 -0.710494 -0.178998 -1.000572
-0.210699 0.079455 0.566319 -0.162176 0.155753 -0.525285 -0.078704 -1.556248 -0.709740 -0.153134 -1.010320
-0.210313 0.079618 0.566933 -0.161509 0.155119 -0.528529 -0.077704 -1.553649 -0.709098 -0.126133 -1.020691
-0.209920 0.079807 0.567584 -0.160939 0.154383 -0.531845 -0.076653 -1.551038 -0.708674 -0.098069 -1.031676
-0.209514 0.079988 0.568239 -0.160445 0.153540 -0.534641 -0.075567 -1.548532 -0.708451 -0.069053 -1.043135
-0.209100 0.080136 0.568907 -0.160013 0.152705 -0.537880 -0.074539 -1.546178 -0.708424 -0.039125 -1.055015
-0.208682 0.080233 0.569620 -0.159617 0.151880 -0.540830 -0.073578 -1.543957 -0.708648 -0.008953 -1.067093
-0.208276 0.080272 0.570117 -0.159222 0.151121 -0.543855 -0.072795 -1.542011 -0.708963 0.020667 -1.078975
-0.207881 0.080250 0.570318 -0.158824 0.150392 -0.546504 -0.072180 -1.540527 -0.709392 0.051128 -1.091023
-0.207517 0.080173 0.570461 -0.158436 0.149660 -0.547848 -0.071705 -1.539414 -0.710192 0.081660 -1.102984
-0.207198 0.080034 0.570371 -0.158025 0.149041 -0.548826 -0.071462 -1.538758 -0.711254 0.112826 -1.115044
-0.206934 0.079839 0.569979 -0.157614 0.148512 -0.549474 -0.071456 -1.538643 -0.712518 0.145096 -1.127299
-0.206719 0.079596 0.569518 -0.157204 0.148104 -0.549877 -0.071658 -1.539009 -0.714134 0.179052 -1.140035
-0.206557 0.079311 0.568885 -0.156796 0.147857 -0.550419 -0.072108 -1.539828 -0.715884 0.213109 -1.152783
-0.206448 0.079000 0.568006 -0.156372 0.147825 -0.551943 -0.072857 -1.541057 -0.717598 0.247205 -1.165503
-0.206380 0.078698 0.567069 -0.155974 0.147876 -0.553312 -0.073767 -1.542610 -0.719674 0.281069 -1.178194
-0.206344 0.078419 0.566119 -0.155611 0.147990 -0.554961 -0.074814 -1.544393 -0.722045 0.315078 -1.190975
-0.206316 0.078191 0.565691 -0.155315 0.148094 -0.556141 -0.075868 -1.546274 -0.724790 0.349242 -1.203836
-0.206313 0.078001 0.565316 -0.155112 0.148246 -0.556973 -0.076975 -1.548307 -0.727691 0.382406 -1.216546
-0.206326 0.077833 0.564707 -0.154990 0.148449 -0.557648 -0.078128 -1.550518 -0.730595 0.415531 -1.229523
-0.206326 0.077700 0.564042 -0.154974 0.148671 -0.558050 -0.079300 -1.552765 -0.733301 0.447106 -1.242263
-0.206287 0.077592 0.563294 -0.155055 0.148931 -0.558080 -0.080500 -1.555017 -0.735849 0.476314 -1.254559
-0.206203 0.077482 0.561928 -0.155212 0.149244 -0.558156 -0.081809 -1.557234 -0.738128 0.502744 -1.266354
-0.206026 0.077383 0.560497 -0.155420 0.149542 -0.558154 -0.083168 -1.559227 -0.740247 0.527076 -1.277550
-0.205740 0.077302 0.559076 -0.155679 0.149801 -0.557735 -0.084449 -1.561024 -0.742191 0.549095 -1.287952
-0.205321 0.077205 0.557493 -0.155939 0.150048 -0.557077 -0.085806 -1.562471 -0.743927 0.568695 -1.297765
-0.204761 0.077085 0.555722 -0.156182 0.150287 -0.556145 -0.087270 -1.563551 -0.745538 0.585847 -1.307040
-0.204082 0.076911 0.553488 -0.156421 0.150515 -0.555036 -0.088812 -1.564345 -0.747019 0.600877 -1.315694
-0.203249 0.076712 0.550979 -0.156571 0.150709 -0.553819 -0.090463 -1.564543 -0.748728 0.613261 -1.323759
-0.202251 0.076504 0.548263 -0.156586 0.150867 -0.552628 -0.092332 -1.564142 -0.750581 0.622564 -1.331088
-0.201093 0.076255 0.545410 -0.156464 0.150977 -0.551415 -0.094294 -1.563181 -0.752721 0.629241 -1.337531
-0.199788 0.075982 0.542415 -0.156190 0.151037 -0.550212 -0.096304 -1.561661 -0.755074 0.633240 -1.342885
-0.198324 0.075718 0.539542 -0.155718 0.151049 -0.548954 -0.098367 -1.559511 -0.757663 0.634228 -1.347117
-0.196751 0.075439 0.536584 -0.155097 0.151047 -0.547523 -0.100407 -1.556970 -0.760468 0.632750 -1.350356
-0.195085 0.075135 0.533541 -0.154347 0.151038 -0.546020 -0.102429 -1.554011 -0.763638 0.629098 -1.352847
-0.193365 0.074839 0.530304 -0.153451 0.151040 -0.544270 -0.104313 -1.550794 -0.766830 0.623188 -1.354079
-0.191602 0.074541 0.526894 -0.152422 0.151060 -0.542461 -0.106035 -1.547327 -0.770047 0.615172 -1.354068
-0.189778 0.074245 0.523133 -0.151236 0.151112 -0.540554 -0.107617 -1.543751 -0.773043 0.605128 -1.352693
-0.187913 0.073932 0.519350 -0.149959 0.151191 -0.538755 -0.108963 -1.540380 -0.775331 0.593181 -1.349362
-0.186026 0.073581 0.515943 -0.148659 0.151287 -0.537077 -0.109980 -1.536571 -0.777994 0.579334 -1.344871
-0.184123 0.073222 0.512426 -0.147313 0.151407 -0.535710 -0.110741 -1.532541 -0.780741 0.563607 -1.339282
-0.182218 0.072849 0.508802 -0.145937 0.151552 -0.534462 -0.111218 -1.528295 -0.783574 0.545936 -1.332611
-0.180345 0.072453 0.505270 -0.144586 0.151716 -0.533379 -0.111356 -1.523691 -0.786734 0.526325 -1.325012
-0.178499 0.072051 0.501541 -0.143240 0.151889 -0.532285 -0.111225 -1.518462 -0.790540 0.504707 -1.317001
-0.176680 0.071650 0.497651 -0.141894 0.152064 -0.531121 -0.110875 -1.512969 -0.794483 0.480458 -1.307493
-0.174876 0.071249 0.493736 -0.140594 0.152216 -0.530050 -0.110308 -1.507262 -0.798523 0.454282 -1.297138
-0.173074 0.070865 0.489814 -0.139346 0.152331 -0.528936 -0.109538 -1.501344 -0.802658 0.426281 -1.286033
-0.171269 0.070516 0.485880 -0.138140 0.152411 -0.527581 -0.108621 -1.495291 -0.806853 0.396435 -1.274232
-0.169469 0.070218 0.481771 -0.136968 0.152459 -0.526230 -0.107572 -1.488716 -0.811659 0.364866 -1.262374
-0.167636 0.069966 0.477286 -0.135805 0.152480 -0.525104 -0.106373 -1.482261 -0.816014 0.331410 -1.249485
-0.165774 0.069758 0.472760 -0.134643 0.152482 -0.523814 -0.105095 -1.475735 -0.820345 0.296548 -1.236017
-0.163868 0.069600 0.468191 -0.133470 0.152455 -0.522531 -0.103783 -1.469201 -0.824626 0.260418 -1.222006
-0.161905 0.069485 0.463579 -0.132281 0.152397 -0.521532 -0.102437 -1.462642 -0.828838 0.223277 -1.207474
-0.159870 0.069403 0.459074 -0.131054 0.152312 -0.520578 -0.101119 -1.456569 -0.832424 0.185224 -1.191959
-0.157765 0.069386 0.454282 -0.129755 0.152209 -0.519481 -0.099839 -1.450746 -0.835728 0.147037 -1.176624
-0.155628 0.069409 0.449409 -0.128396 0.152109 -0.518279 -0.098649 -1.445117 -0.838925 0.108081 -1.161004
-0.153486 0.069463 0.444450 -0.126974 0.152028 -0.517181 -0.097545 -1.439740 -0.842003 0.068470 -1.145137
-0.151391 0.069527 0.439684 -0.125540 0.151967 -0.516382 -0.096518 -1.434328 -0.845474 0.028188 -1.129381
-0.149314 0.069610 0.435006 -0.124075 0.151923 -0.515160 -0.095598 -1.429444 -0.848530 -0.012652 -1.113425
-0.147287 0.069737 0.430217 -0.122564 0.151896 -0.513676 -0.094786 -1.424920 -0.851446 -0.053815 -1.097541
-0.145325 0.069901 0.425370 -0.121049 0.151875 -0.512412 -0.094026 -1.420712 -0.854285 -0.095117 -1.081807
-0.143443 0.070119 0.420309 -0.119538 0.151865 -0.510866 -0.093339 -1.416959 -0.856783 -0.135542 -1.066624
-0.141629 0.070364 0.415138 -0.118027 0.151868 -0.508783 -0.092740 -1.414072 -0.858370 -0.176043 -1.051477
-0.139905 0.070643 0.409701 -0.116512 0.151895 -0.507146 -0.092180 -1.411749 -0.859340 -0.216457 -1.036817
-0.138294 0.070908 0.404499 -0.115058 0.151937 -0.505723 -0.091686 -1.410129 -0.859552 -0.257065 -1.022637
-0.136758 0.071219 0.398896 -0.113608 0.151992 -0.504434 -0.091234 -1.408615 -0.859871 -0.296866 -1.009247
-0.135248 0.071496 0.393357 -0.112168 0.152052 -0.503342 -0.090825 -1.406962 -0.860631 -0.336541 -0.996401
-0.133714 0.071799 0.387220 -0.110676 0.152119 -0.502416 -0.090436 -1.405147 -0.861709 -0.374520 -0.984497
-0.132203 0.072045 0.381290 -0.109228 0.152184 -0.501897 -0.090064 -1.402321 -0.864383 -0.410562 -0.973616
-0.130663 0.072254 0.375231 -0.107784 0.152262 -0.501335 -0.089714 -1.398657 -0.868192 -0.444255 -0.963702
-0.129092 0.072366 0.369444 -0.106369 0.152357 -0.500498 -0.089391 -1.395173 -0.871792 -0.475836 -0.954690
-0.127514 0.072446 0.363629 -0.104985 0.152466 -0.499827 -0.089063 -1.391419 -0.875736 -0.506377 -0.946406
-0.125927 0.072484 0.357860 -0.103645 0.152589 -0.499316 -0.088727 -1.387125 -0.880325 -0.534633 -0.939200
-0.124302 0.072508 0.351889 -0.102349 0.152716 -0.498205 -0.088384 -1.382410 -0.885274 -0.560285 -0.933102
-0.122642 0.072466 0.346173 -0.101111 0.152839 -0.496984 -0.088015 -1.376629 -0.891384 -0.582963 -0.928171
-0.120936 0.072366 0.340654 -0.099928 0.152945 -0.495186 -0.087633 -1.370564 -0.897362 -0.603319 -0.924198
-0.119181 0.072205 0.335224 -0.098783 0.153026 -0.492858 -0.087239 -1.364949 -0.902258 -0.619926 -0.921394
-0.117397 0.071957 0.330109 -0.097692 0.153096 -0.490221 -0.086846 -1.359354 -0.906416 -0.633977 -0.919670
-0.115551 0.071670 0.324803 -0.096577 0.153156 -0.487329 -0.086449 -1.354269 -0.909026 -0.645461 -0.919024
-0.113664 0.071348 0.319383 -0.095454 0.153195 -0.484381 -0.086055 -1.349895 -0.909937 -0.654455 -0.919488
-0.111768 0.070968 0.314214 -0.094337 0.153217 -0.481948 -0.085665 -1.344941 -0.910903 -0.661154 -0.920972
-0.109817 0.070505 0.309304 -0.093210 0.153217 -0.479679 -0.085282 -1.339308 -0.911840 -0.664905 -0.923762
-0.107829 0.069992 0.304488 -0.092046 0.153173 -0.477261 -0.084917 -1.333665 -0.912198 -0.665673 -0.927648
-0.105863 0.069411 0.300133 -0.090941 0.153084 -0.475153 -0.084536 -1.328021 -0.912300 -0.663708 -0.932571
-0.103926 0.068778 0.296239 -0.089909 0.152956 -0.473495 -0.084123 -1.322334 -0.912115 -0.659041 -0.938585
-0.102039 0.068041 0.293295 -0.088984 0.152799 -0.472804 -0.083667 -1.316446 -0.911936 -0.651813 -0.945718
-0.100214 0.067308 0.290413 -0.088153 0.152613 -0.472247 -0.083166 -1.310096 -0.911849 -0.642124 -0.954174
-0.098466 0.066563 0.287833 -0.087476 0.152396 -0.471796 -0.082601 -1.303753 -0.911496 -0.629894 -0.963854
-0.096776 0.065806 0.285429 -0.086867 0.152166 -0.471137 -0.082015 -1.297325 -0.910868 -0.615547 -0.974602
-0.095170 0.065067 0.282797 -0.086385 0.151928 -0.469965 -0.081423 -1.290969 -0.909946 -0.598788 -0.986582
-0.093595 0.064407 0.279347 -0.086026 0.151667 -0.467889 -0.080832 -1.284739 -0.908498 -0.578943 -1.000194
-0.092117 0.063716 0.276128 -0.085841 0.151420 -0.465618 -0.080287 -1.278954 -0.906717 -0.556882 -1.014786
-0.090721 0.062985 0.273063 -0.085839 0.151214 -0.463474 -0.079806 -1.273059 -0.905183 -0.532939 -1.030463
-0.089366 0.062195 0.270086 -0.086011 0.151041 -0.461287 -0.079456 -1.266928 -0.904010 -0.506617 -1.047502
-0.087997 0.061360 0.266792 -0.086242 0.150911 -0.458637 -0.079263 -1.261037 -0.902800 -0.478453 -1.065504
-0.086610 0.060492 0.262686 -0.086513 0.150835 -0.455322 -0.079251 -1.255540 -0.901425 -0.448162 -1.084558
-0.085248 0.059557 0.258514 -0.086883 0.150810 -0.452067 -0.079444 -1.250296 -0.900373 -0.417196 -1.103999
-0.083900 0.058550 0.254249 -0.087329 0.150822 -0.448778 -0.079872 -1.245161 -0.900036 -0.385085 -1.124186
-0.082595 0.057480 0.250187 -0.087921 0.150858 -0.445958 -0.080466 -1.240245 -0.900667 -0.351911 -1.145139
-0.081328 0.056269 0.246777 -0.088518 0.150949 -0.443368 -0.081195 -1.235477 -0.902175 -0.318820 -1.166172
-0.080111 0.054918 0.243759 -0.089207 0.151082 -0.441381 -0.082129 -1.231081 -0.904639 -0.285639 -1.187258
-0.078904 0.053483 0.240431 -0.089966 0.151232 -0.439810 -0.083243 -1.226962 -0.908154 -0.251317 -1.209135
-0.077684 0.051935 0.236918 -0.090774 0.151408 -0.438631 -0.084521 -1.223418 -0.912290 -0.216559 -1.231200
-0.076447 0.050260 0.232959 -0.091598 0.151627 -0.437673 -0.085993 -1.220613 -0.916810 -0.181752 -1.253113
-0.075218 0.048493 0.228620 -0.092608 0.151854 -0.437605 -0.087679 -1.218355 -0.922220 -0.146133 -1.275480
-0.073999 0.046614 0.224422 -0.093694 0.152106 -0.438241 -0.089509 -1.216652 -0.928346 -0.110569 -1.297710
-0.072786 0.044632 0.220099 -0.094803 0.152400 -0.439346 -0.091479 -1.215475 -0.935114 -0.074465 -1.320115
-0.071577 0.042546 0.215667 -0.095845 0.152760 -0.440643 -0.093526 -1.215060 -0.941802 -0.038544 -1.342100
-0.070380 0.040362 0.210870 -0.096907 0.153168 -0.442348 -0.095760 -1.215408 -0.948432 -0.002790 -1.363672
-0.069197 0.038131 0.206195 -0.098086 0.153581 -0.444829 -0.098154 -1.216115 -0.955719 0.033184 -1.385196
-0.068060 0.035860 0.201467 -0.099252 0.154030 -0.447503 -0.100713 -1.217324 -0.963029 0.068584 -1.406126
-0.066955 0.033541 0.196893 -0.100406 0.154500 -0.450211 -0.103437 -1.219176 -0.969649 0.102221 -1.425630
-0.065932 0.031235 0.192343 -0.101639 0.154952 -0.453100 -0.106377 -1.221282 -0.976546 0.134870 -1.444435
-0.065007 0.028966 0.188104 -0.102850 0.155385 -0.455825 -0.109417 -1.223408 -0.983523 0.166126 -1.462307
-0.064197 0.026716 0.183723 -0.103931 0.155832 -0.457873 -0.112572 -1.225731 -0.989747 0.195270 -1.478672
-0.063490 0.024518 0.179405 -0.105003 0.156239 -0.459624 -0.115820 -1.227898 -0.995769 0.222589 -1.493891
-0.062883 0.022377 0.175156 -0.106065 0.156596 -0.461066 -0.119137 -1.229865 -1.001666 0.248370 -1.507964
-0.062368 0.020307 0.170966 -0.107199 0.156863 -0.462469 -0.122575 -1.231376 -1.007772 0.271728 -1.520917
-0.061936 0.018309 0.166856 -0.108333 0.157050 -0.463554 -0.126035 -1.232393 -1.013815 0.292551 -1.532460
-0.061609 0.016369 0.162566 -0.109504 0.157137 -0.464128 -0.129413 -1.232874 -1.019675 0.310556 -1.542488
-0.061335 0.014475 0.158405 -0.110634 0.157159 -0.464061 -0.132557 -1.232612 -1.025638 0.325581 -1.551272
-0.061058 0.012631 0.154577 -0.111694 0.157127 -0.463400 -0.135389 -1.231512 -1.032177 0.337986 -1.559260
-0.060800 0.010800 0.150896 -0.112699 0.156975 -0.462453 -0.138100 -1.229437 -1.038571 0.346938 -1.565451
-0.060546 0.008968 0.147362 -0.113725 0.156670 -0.461507 -0.140753 -1.226258 -1.045200 0.352117 -1.570049
-0.060247 0.007129 0.144255 -0.114743 0.156209 -0.460869 -0.143430 -1.221867 -1.052281 0.353472 -1.573072
-0.059936 0.005265 0.141282 -0.115823 0.155547 -0.460676 -0.146259 -1.216323 -1.059593 0.350809 -1.574155
-0.059607 0.003364 0.138427 -0.116982 0.154681 -0.460944 -0.149248 -1.209578 -1.067123 0.343956 -1.573382
-0.059273 0.001416 0.135695 -0.118104 0.153688 -0.461211 -0.152170 -1.201752 -1.074784 0.333305 -1.570666
-0.058941 -0.000581 0.133074 -0.119174 0.152586 -0.461491 -0.155024 -1.192941 -1.082497 0.318900 -1.566125
-0.058600 -0.002639 0.130622 -0.120136 0.151458 -0.461973 -0.157908 -1.183507 -1.089927 0.300969 -1.559379
-0.058307 -0.004698 0.128221 -0.121074 0.150198 -0.462902 -0.160916 -1.173847 -1.096834 0.279842 -1.549932
-0.058100 -0.006794 0.125632 -0.122024 0.148744 -0.464354 -0.164152 -1.163311 -1.103526 0.254625 -1.537568
-0.057895 -0.008879 0.123257 -0.122898 0.147188 -0.465986 -0.167292 -1.152460 -1.110005 0.226555 -1.523198
-0.057696 -0.010905 0.121124 -0.123685 0.145579 -0.467784 -0.170295 -1.141686 -1.116110 0.196853 -1.507196
-0.057526 -0.012808 0.119194 -0.124433 0.143767 -0.469006 -0.172955 -1.131027 -1.121959 0.166473 -1.490416
-0.057281 -0.014660 0.117705 -0.125047 0.141852 -0.469091 -0.175108 -1.120189 -1.127977 0.134186 -1.472045
-0.057161 -0.016440 0.116202 -0.125425 0.140135 -0.468880 -0.176925 -1.110149 -1.133241 0.100529 -1.451542
-0.057170 -0.018124 0.114647 -0.125635 0.138444 -0.467816 -0.178531 -1.101147 -1.137679 0.066767 -1.429551
-0.057299 -0.019709 0.113051 -0.125698 0.136765 -0.465928 -0.179945 -1.093148 -1.141387 0.030782 -1.404237
-0.057539 -0.021202 0.111398 -0.125641 0.135161 -0.465018 -0.181327 -1.085914 -1.144581 -0.007233 -1.376054
-0.057831 -0.022656 0.109743 -0.125454 0.133758 -0.465290 -0.182682 -1.079553 -1.147133 -0.045040 -1.347410
-0.058025 -0.023988 0.108472 -0.125194 0.132388 -0.466255 -0.183742 -1.074601 -1.149010 -0.080924 -1.319115
-0.058169 -0.025224 0.107389 -0.124883 0.131223 -0.468670 -0.184639 -1.070720 -1.150325 -0.118831 -1.289063
-0.058548 -0.026427 0.106142 -0.124414 0.130302 -0.471269 -0.185307 -1.067735 -1.150765 -0.157213 -1.258968
-0.059167 -0.027650 0.104780 -0.123742 0.129773 -0.473308 -0.185720 -1.066425 -1.150482 -0.197900 -1.226791
-0.060187 -0.028747 0.103017 -0.122905 0.129606 -0.475320 -0.185953 -1.067198 -1.149033 -0.239262 -1.193842
-0.061393 -0.029721 0.101356 -0.122003 0.129500 -0.476075 -0.185820 -1.069093 -1.147379 -0.281933 -1.160710
-0.062875 -0.030585 0.099855 -0.121090 0.129687 -0.476528 -0.185417 -1.072108 -1.145613 -0.325342 -1.128024
-0.064382 -0.031322 0.098812 -0.120186 0.130066 -0.477400 -0.184897 -1.076185 -1.144154 -0.367137 -1.097832
-0.065910 -0.031917 0.098142 -0.119315 0.130518 -0.477001 -0.184184 -1.080777 -1.142702 -0.406011 -1.071468
-0.067530 -0.032337 0.097841 -0.118476 0.131040 -0.474934 -0.183282 -1.085443 -1.141617 -0.444310 -1.046924
-0.069440 -0.032644 0.097484 -0.117504 0.131865 -0.471426 -0.182286 -1.090347 -1.140429 -0.485268 -1.023162
-0.071530 -0.032856 0.097057 -0.116332 0.132727 -0.465598 -0.181085 -1.095476 -1.139145 -0.523681 -1.002949
-0.073492 -0.032962 0.096869 -0.115127 0.133635 -0.459288 -0.179710 -1.100831 -1.138169 -0.562136 -0.984258
-0.075322 -0.032953 0.096833 -0.113871 0.134614 -0.453706 -0.178210 -1.105564 -1.137261 -0.599795 -0.968583
-0.076904 -0.032931 0.097038 -0.112517 0.135635 -0.448709 -0.176595 -1.109731 -1.136382 -0.636647 -0.956004
-0.078234 -0.032902 0.097445 -0.111107 0.136721 -0.444649 -0.175028 -1.113362 -1.135514 -0.670001 -0.946896
-0.079199 -0.032876 0.098015 -0.109596 0.137766 -0.441467 -0.173542 -1.116122 -1.134627 -0.700657 -0.940341
-0.080042 -0.032861 0.098442 -0.107955 0.138866 -0.438313 -0.171984 -1.118052 -1.133271 -0.728167 -0.936452
-0.080764 -0.032866 0.098817 -0.106199 0.139997 -0.435041 -0.170298 -1.119679 -1.131741 -0.753567 -0.933947
-0.081312 -0.032897 0.099118 -0.104278 0.141113 -0.431731 -0.168500 -1.121039 -1.130048 -0.776168 -0.933011
-0.081648 -0.032935 0.099366 -0.102324 0.142190 -0.428653 -0.166750 -1.122161 -1.128196 -0.793275 -0.933929
-0.081878 -0.032961 0.099608 -0.100355 0.143335 -0.425735 -0.165060 -1.123028 -1.126171 -0.806026 -0.936185
-0.082021 -0.032965 0.099850 -0.098323 0.144471 -0.422449 -0.163509 -1.123576 -1.123976 -0.813753 -0.939808
-0.082070 -0.032937 0.100109 -0.096238 0.145591 -0.418863 -0.162163 -1.123883 -1.121610 -0.815588 -0.944862
-0.082058 -0.032865 0.100434 -0.094213 0.146694 -0.415056 -0.160980 -1.123864 -1.119087 -0.811365 -0.951211
-0.081995 -0.032753 0.100859 -0.092198 0.147752 -0.411104 -0.159816 -1.123479 -1.116426 -0.803689 -0.958444
-0.081883 -0.032609 0.101403 -0.090268 0.148761 -0.407200 -0.158584 -1.122841 -1.113643 -0.792604 -0.966484
-0.081727 -0.032443 0.102086 -0.088457 0.149720 -0.403472 -0.157249 -1.121952 -1.110763 -0.778324 -0.975286
-0.081529 -0.032260 0.102925 -0.086754 0.150653 -0.400085 -0.155821 -1.120826 -1.107829 -0.761039 -0.984871
-0.081307 -0.032070 0.103883 -0.085232 0.151546 -0.397192 -0.154293 -1.119489 -1.104837 -0.741864 -0.994885
-0.081070 -0.031854 0.104929 -0.083856 0.152451 -0.394799 -0.152642 -1.117927 -1.101707 -0.719486 -1.005854
-0.080810 -0.031631 0.106109 -0.082679 0.153299 -0.392699 -0.150816 -1.116129 -1.098652 -0.694989 -1.017336
-0.080536 -0.031414 0.107416 -0.081707 0.154090 -0.390875 -0.148824 -1.114100 -1.095733 -0.668694 -1.029253
-0.080256 -0.031206 0.108822 -0.080978 0.154800 -0.389222 -0.146645 -1.111867 -1.093003 -0.640976 -1.041451
-0.079968 -0.031016 0.110367 -0.080431 0.155444 -0.387580 -0.144301 -1.109428 -1.090548 -0.611233 -1.054183
-0.079678 -0.030849 0.111991 -0.080072 0.156024 -0.385850 -0.141790 -1.106796 -1.088364 -0.580037 -1.067273
-0.079408 -0.030699 0.113647 -0.079853 0.156555 -0.384259 -0.139295 -1.104053 -1.086510 -0.547896 -1.080550
-0.079172 -0.030563 0.115291 -0.079743 0.157052 -0.382816 -0.136885 -1.101217 -1.085013 -0.514936 -1.093973
-0.078973 -0.030431 0.116845 -0.079710 0.157516 -0.381534 -0.134630 -1.098363 -1.083857 -0.481285 -1.107475
-0.078819 -0.030300 0.118361 -0.079718 0.157948 -0.380219 -0.132509 -1.095473 -1.083106 -0.447117 -1.120954
-0.078708 -0.030202 0.119891 -0.079743 0.158308 -0.378678 -0.130523 -1.092496 -1.082932 -0.413211 -1.134183
-0.078658 -0.030095 0.121293 -0.079762 0.158648 -0.377367 -0.128810 -1.089561 -1.083136 -0.379093 -1.147359
-0.078673 -0.029974 0.122564 -0.079753 0.158962 -0.376297 -0.127377 -1.086704 -1.083674 -0.344897 -1.160425
-0.078756 -0.029857 0.123780 -0.079704 0.159250 -0.375550 -0.126218 -1.083898 -1.084547 -0.310761 -1.173322
-0.078920 -0.029702 0.124784 -0.079607 0.159514 -0.375327 -0.125391 -1.081290 -1.085755 -0.276635 -1.185930
-0.079175 -0.029506 0.125620 -0.079467 0.159762 -0.375752 -0.124903 -1.078957 -1.087297 -0.242598 -1.198092
-0.079511 -0.029280 0.126335 -0.079276 0.159969 -0.376445 -0.124627 -1.076868 -1.089192 -0.208741 -1.209758
-0.079924 -0.029020 0.126937 -0.079042 0.160122 -0.377368 -0.124527 -1.075072 -1.091482 -0.175132 -1.220829
-0.080403 -0.028715 0.127398 -0.078770 0.160203 -0.378330 -0.124552 -1.073589 -1.094196 -0.141750 -1.231278
-0.080918 -0.028365 0.127679 -0.078476 0.160214 -0.379357 -0.124670 -1.072377 -1.097147 -0.108566 -1.241248
-0.081499 -0.027973 0.127850 -0.078175 0.160157 -0.380481 -0.124881 -1.071469 -1.100376 -0.075852 -1.250527
-0.082138 -0.027571 0.128006 -0.077871 0.160030 -0.381562 -0.125132 -1.070798 -1.103881 -0.043832 -1.259054
-0.082832 -0.027136 0.128117 -0.077573 0.159837 -0.382512 -0.125405 -1.070331 -1.107635 -0.012623 -1.266805
-0.083592 -0.026647 0.128152 -0.077289 0.159594 -0.383386 -0.125705 -1.070061 -1.111628 0.017498 -1.273685
-0.084432 -0.026138 0.128279 -0.077021 0.159297 -0.384112 -0.126019 -1.069862 -1.115875 0.046132 -1.279604
-0.085308 -0.025581 0.128399 -0.076770 0.158943 -0.384686 -0.126347 -1.069662 -1.120245 0.073132 -1.284720
-0.086211 -0.024966 0.128529 -0.076538 0.158531 -0.385137 -0.126690 -1.069410 -1.124718 0.098358 -1.289053
-0.087131 -0.024291 0.128677 -0.076324 0.158065 -0.385543 -0.127056 -1.069028 -1.129184 0.121438 -1.292584
-0.088072 -0.023577 0.128940 -0.076126 0.157561 -0.385834 -0.127448 -1.068330 -1.133675 0.142011 -1.295377
-0.089032 -0.022822 0.129261 -0.075916 0.157012 -0.385853 -0.127876 -1.067301 -1.138294 0.160396 -1.297529
-0.089979 -0.022013 0.129607 -0.075729 0.156449 -0.385706 -0.128326 -1.065912 -1.142899 0.175967 -1.299025
-0.090908 -0.021118 0.129873 -0.075583 0.155896 -0.385424 -0.128785 -1.064160 -1.147432 0.188667 -1.299966
-0.091796 -0.020197 0.130138 -0.075482 0.155375 -0.385004 -0.129240 -1.062101 -1.151867 0.198697 -1.300497
-0.092622 -0.019234 0.130338 -0.075340 0.154807 -0.384682 -0.129764 -1.059261 -1.156297 0.205320 -1.300554
-0.093364 -0.018235 0.130514 -0.075197 0.154220 -0.384664 -0.130339 -1.055552 -1.160644 0.208129 -1.300278
-0.094036 -0.017233 0.130622 -0.074965 0.153575 -0.384768 -0.130982 -1.050832 -1.164998 0.207248 -1.299503
-0.094633 -0.016252 0.130645 -0.074642 0.152869 -0.384995 -0.131687 -1.045155 -1.169344 0.202955 -1.298287
-0.095158 -0.015300 0.130576 -0.074169 0.152075 -0.385250 -0.132453 -1.038131 -1.173773 0.194439 -1.296399
-0.095598 -0.014412 0.130402 -0.073617 0.151260 -0.385553 -0.133187 -1.030318 -1.177982 0.182465 -1.293806
-0.095967 -0.013602 0.130125 -0.072966 0.150418 -0.386073 -0.133871 -1.021764 -1.181935 0.166916 -1.290214
-0.096247 -0.012884 0.129779 -0.072211 0.149543 -0.386784 -0.134490 -1.012586 -1.185591 0.148221 -1.285675
-0.096449 -0.012308 0.129359 -0.071318 0.148622 -0.387608 -0.135055 -1.002793 -1.188955 0.126609 -1.280169
-0.096580 -0.011835 0.128837 -0.070285 0.147659 -0.388617 -0.135547 -0.992467 -1.192039 0.102001 -1.273402
-0.096646 -0.011491 0.128221 -0.069186 0.146737 -0.389477 -0.135868 -0.982188 -1.194703 0.075470 -1.265487
-0.096644 -0.011261 0.127413 -0.068015 0.145844 -0.389955 -0.136044 -0.972173 -1.196935 0.047651 -1.256542
-0.096597 -0.011139 0.126496 -0.066819 0.145040 -0.390162 -0.136030 -0.962613 -1.198751 0.018793 -1.246453
-0.096509 -0.011091 0.125530 -0.065602 0.144332 -0.390101 -0.135828 -0.953410 -1.200168 -0.011692 -1.234829
-0.096375 -0.011110 0.124519 -0.064421 0.143764 -0.389796 -0.135424 -0.945184 -1.201180 -0.041912 -1.222231
-0.096205 -0.011158 0.123467 -0.063210 0.143278 -0.389414 -0.134917 -0.937542 -1.202066 -0.072204 -1.208582
-0.096015 -0.011228 0.122455 -0.061971 0.142910 -0.389008 -0.134351 -0.930586 -1.202874 -0.102035 -1.194097
-0.095798 -0.011302 0.121404 -0.060720 0.142635 -0.388533 -0.133713 -0.924391 -1.203655 -0.130404 -1.179481
-0.095545 -0.011349 0.120385 -0.059450 0.142451 -0.387968 -0.132977 -0.918849 -1.204634 -0.158100 -1.163974
-0.095273 -0.011372 0.119384 -0.058192 0.142348 -0.387286 -0.132195 -0.913860 -1.205857 -0.184931 -1.147753
-0.094976 -0.011361 0.118417 -0.056955 0.142314 -0.386437 -0.131372 -0.909324 -1.207356 -0.210828 -1.130975
-0.094640 -0.011315 0.117476 -0.055718 0.142336 -0.385373 -0.130446 -0.905025 -1.209167 -0.236762 -1.113015
-0.094271 -0.011236 0.116605 -0.054522 0.142406 -0.384127 -0.129485 -0.900719 -1.211311 -0.262698 -1.094029
-0.093857 -0.011131 0.115749 -0.053373 0.142529 -0.382744 -0.128502 -0.896565 -1.213647 -0.287112 -1.075272
-0.093417 -0.011012 0.114942 -0.052292 0.142685 -0.381260 -0.127517 -0.892419 -1.216066 -0.310327 -1.056896
-0.092971 -0.010892 0.114200 -0.051298 0.142864 -0.379737 -0.126552 -0.888334 -1.218467 -0.332551 -1.038536
-0.092524 -0.010770 0.113537 -0.050444 0.143037 -0.378184 -0.125595 -0.884320 -1.220828 -0.353624 -1.020280
-0.092113 -0.010666 0.112958 -0.049700 0.143206 -0.376679 -0.124710 -0.880397 -1.223112 -0.374295 -1.001644
-0.091663 -0.010563 0.112386 -0.049042 0.143406 -0.375191 -0.123851 -0.875784 -1.225371 -0.393892 -0.983608
-0.091137 -0.010451 0.111786 -0.048421 0.143633 -0.373727 -0.122989 -0.870204 -1.227587 -0.412622 -0.966050
-0.090518 -0.010329 0.111153 -0.047821 0.143893 -0.372314 -0.122123 -0.863342 -1.229736 -0.430213 -0.949603
-0.089797 -0.010193 0.110470 -0.047223 0.144196 -0.371036 -0.121290 -0.854989 -1.231753 -0.446167 -0.934897
-0.088942 -0.010020 0.109726 -0.046617 0.144541 -0.369869 -0.120429 -0.844929 -1.233562 -0.460232 -0.922516
-0.088040 -0.009839 0.108989 -0.046045 0.144886 -0.368900 -0.119611 -0.834193 -1.235078 -0.472764 -0.911073
-0.087109 -0.009647 0.108283 -0.045502 0.145233 -0.368101 -0.118829 -0.822972 -1.236363 -0.484038 -0.900362
-0.086153 -0.009438 0.107584 -0.044962 0.145637 -0.367479 -0.118053 -0.811500 -1.237485 -0.493524 -0.890290
-0.085107 -0.009190 0.106784 -0.044411 0.146053 -0.366898 -0.117268 -0.800132 -1.238499 -0.501024 -0.880668
-0.083980 -0.008911 0.105913 -0.043832 0.146507 -0.366351 -0.116464 -0.786842 -1.239093 -0.507742 -0.872136
-0.082826 -0.008613 0.105014 -0.043275 0.146922 -0.365816 -0.115716 -0.772020 -1.238892 -0.513706 -0.865196
-0.081647 -0.008293 0.104093 -0.042760 0.147267 -0.365256 -0.115035 -0.756004 -1.237865 -0.518418 -0.859673
-0.080441 -0.007946 0.103125 -0.042304 0.147489 -0.364642 -0.114452 -0.738204 -1.235687 -0.523047 -0.856296
-0.079290 -0.007592 0.102226 -0.041917 0.147620 -0.364020 -0.113987 -0.718427 -1.232142 -0.527571 -0.854790
-0.078187 -0.007229 0.101361 -0.041608 0.147620 -0.363380 -0.113659 -0.698738 -1.227550 -0.530841 -0.853754
-0.077089 -0.006844 0.100501 -0.041326 0.147549 -0.362687 -0.113405 -0.678030 -1.222033 -0.533313 -0.853652
-0.075987 -0.006443 0.099611 -0.041049 0.147437 -0.361982 -0.113214 -0.656039 -1.215563 -0.535452 -0.854672
-0.074851 -0.006014 0.098696 -0.040788 0.147206 -0.361200 -0.113121 -0.632390 -1.207918 -0.536925 -0.856690
-0.073736 -0.005571 0.097836 -0.040547 0.146910 -0.360468 -0.113137 -0.606568 -1.198915 -0.538517 -0.860327
-0.072614 -0.005086 0.096970 -0.040331 0.146519 -0.359783 -0.113264 -0.580579 -1.188822 -0.539251 -0.864498
-0.071519 -0.004559 0.096120 -0.040140 0.146063 -0.359187 -0.113502 -0.554893 -1.177626 -0.539067 -0.868562
-0.070480 -0.003994 0.095308 -0.039967 0.145570 -0.358710 -0.113851 -0.529053 -1.164977 -0.538071 -0.872818
-0.069516 -0.003391 0.094499 -0.039789 0.145054 -0.358604 -0.114320 -0.504544 -1.151364 -0.535463 -0.875779
-0.068565 -0.002753 0.093567 -0.039588 0.144465 -0.358726 -0.114907 -0.482013 -1.136985 -0.531023 -0.877270
-0.067654 -0.002113 0.092556 -0.039345 0.143829 -0.358959 -0.115610 -0.459783 -1.121451 -0.525695 -0.878460
-0.066751 -0.001482 0.091433 -0.039050 0.143113 -0.359151 -0.116425 -0.438336 -1.105271 -0.518955 -0.878725
-0.065832 -0.000855 0.090185 -0.038699 0.142283 -0.359177 -0.117360 -0.418095 -1.088847 -0.510097 -0.877210
-0.064909 -0.000202 0.088891 -0.038358 0.141359 -0.358853 -0.118358 -0.398388 -1.071539 -0.500616 -0.875382
-0.064004 0.000477 0.087598 -0.038039 0.140361 -0.358227 -0.119378 -0.379220 -1.053370 -0.490967 -0.873460
-0.063083 0.001244 0.086331 -0.037810 0.139262 -0.357238 -0.120389 -0.360932 -1.034928 -0.480127 -0.870299
-0.062132 0.002110 0.085106 -0.037701 0.138066 -0.356097 -0.121358 -0.343560 -1.016382 -0.467995 -0.865775
-0.061117 0.003090 0.083906 -0.037738 0.136748 -0.354926 -0.122273 -0.326507 -0.996648 -0.455829 -0.861173
-0.060058 0.004129 0.082789 -0.037895 0.135365 -0.353518 -0.123074 -0.309933 -0.976366 -0.442646 -0.855577
-0.058936 0.005232 0.081782 -0.038184 0.133903 -0.351938 -0.123758 -0.293850 -0.955701 -0.427574 -0.848317
-0.057790 0.006356 0.080916 -0.038572 0.132412 -0.350433 -0.124316 -0.277947 -0.934257 -0.411666 -0.840345
-0.056633 0.007514 0.080225 -0.039054 0.130906 -0.349074 -0.124746 -0.261517 -0.911200 -0.395845 -0.832525
-0.055488 0.008714 0.079771 -0.039647 0.129410 -0.347961 -0.125046 -0.244838 -0.887128 -0.379800 -0.824409
-0.054387 0.009914 0.079491 -0.040277 0.127960 -0.347275 -0.125245 -0.228707 -0.862911 -0.362731 -0.814970
-0.053313 0.011158 0.079415 -0.040980 0.126542 -0.347012 -0.125364 -0.213200 -0.838575 -0.344330 -0.803582
-0.052315 0.012368 0.079526 -0.041670 0.125224 -0.347216 -0.125424 -0.197948 -0.813587 -0.325798 -0.791294
-0.051426 0.013507 0.079802 -0.042314 0.124031 -0.347694 -0.125451 -0.183146 -0.788347 -0.307708 -0.778580
-0.050644 0.014587 0.080283 -0.042926 0.122957 -0.348271 -0.125456 -0.169729 -0.763893 -0.288654 -0.763573
-0.049925 0.015674 0.081008 -0.043574 0.121962 -0.349010 -0.125473 -0.157029 -0.739475 -0.269754 -0.747263
-0.049297 0.016748 0.081979 -0.044257 0.121071 -0.349925 -0.125501 -0.144967 -0.715142 -0.251806 -0.730345
-0.048702 0.017909 0.083211 -0.045064 0.120217 -0.350903 -0.125541 -0.133861 -0.691479 -0.233913 -0.711932
-0.048106 0.019199 0.084700 -0.046061 0.119373 -0.351953 -0.125575 -0.123798 -0.668550 -0.215265 -0.691352
-0.047513 0.020587 0.086361 -0.047215 0.118552 -0.353121 -0.125594 -0.114218 -0.645871 -0.197054 -0.670064
-0.046888 0.022081 0.088160 -0.048536 0.117727 -0.354424 -0.125587 -0.105064 -0.623504 -0.179109 -0.648215
-0.046222 0.023606 0.089944 -0.049945 0.116899 -0.355802 -0.125546 -0.096321 -0.601520 -0.161161 -0.625871
-0.045510 0.025118 0.091651 -0.051411 0.116071 -0.357239 -0.125461 -0.087951 -0.580000 -0.142885 -0.603133
-0.044749 0.026574 0.093232 -0.052883 0.115252 -0.358814 -0.125349 -0.079768 -0.558490 -0.123924 -0.579623
-0.043912 0.027909 0.094580 -0.054279 0.114427 -0.360541 -0.125205 -0.071916 -0.537550 -0.104256 -0.555833
-0.043024 0.029094 0.095644 -0.055559 0.113602 -0.362276 -0.125020 -0.064485 -0.517537 -0.083023 -0.531689
-0.042085 0.030145 0.096427 -0.056704 0.112794 -0.364063 -0.124818 -0.057398 -0.497899 -0.061243 -0.507328
-0.041096 0.031049 0.096895 -0.057689 0.111994 -0.365860 -0.124596 -0.050687 -0.478528 -0.039221 -0.482691
-0.040056 0.031788 0.097022 -0.058469 0.111211 -0.367682 -0.124354 -0.044543 -0.459873 -0.017288 -0.458184
-0.038996 0.032390 0.096884 -0.059080 0.110466 -0.369507 -0.124099 -0.038819 -0.441366 0.004550 -0.433377
-0.037913 0.032847 0.096495 -0.059505 0.109761 -0.371351 -0.123837 -0.033454 -0.422937 0.026119 -0.408382
-0.036807 0.033180 0.095945 -0.059787 0.109068 -0.373145 -0.123541 -0.028427 -0.404700 0.047424 -0.383263
-0.035649 0.033426 0.095298 -0.059958 0.108357 -0.375018 -0.123246 -0.023656 -0.386687 0.068501 -0.358234
-0.034444 0.033631 0.094612 -0.060074 0.107615 -0.376771 -0.122883 -0.019171 -0.369277 0.090733 -0.333430
-0.033216 0.033815 0.093950 -0.060156 0.106860 -0.378459 -0.122452 -0.014720 -0.352004 0.112337 -0.309172
-0.031995 0.033977 0.093305 -0.060219 0.106118 -0.380157 -0.121978 -0.010017 -0.334059 0.129948 -0.285741
-0.030749 0.034120 0.092674 -0.060247 0.105374 -0.381864 -0.121430 -0.005150 -0.316280 0.146307 -0.263277
-0.029506 0.034215 0.092048 -0.060191 0.104678 -0.383590 -0.120803 -0.000046 -0.298718 0.161210 -0.241931
-0.028264 0.034240 0.091405 -0.060021 0.104030 -0.385501 -0.120186 0.005452 -0.281050 0.172288 -0.221922
-0.027006 0.034197 0.090711 -0.059710 0.103425 -0.387581 -0.119544 0.011203 -0.263796 0.182206 -0.203265
-0.025737 0.034098 0.089978 -0.059274 0.102857 -0.389791 -0.118880 0.017148 -0.247101 0.189353 -0.186289
-0.024472 0.033940 0.089214 -0.058662 0.102360 -0.392301 -0.118199 0.023287 -0.230958 0.195314 -0.170711
-0.023231 0.033736 0.088434 -0.057881 0.101929 -0.394924 -0.117433 0.029464 -0.215605 0.202102 -0.156479
-0.021999 0.033506 0.087674 -0.056956 0.101528 -0.397710 -0.116608 0.035637 -0.200971 0.210068 -0.143515
-0.020822 0.033253 0.086946 -0.055887 0.101193 -0.400653 -0.115659 0.041804 -0.187165 0.217400 -0.131832
-0.019665 0.032984 0.086286 -0.054651 0.100904 -0.403784 -0.114506 0.047782 -0.174751 0.230277 -0.121080
-0.018591 0.032698 0.085687 -0.053329 0.100665 -0.406859 -0.113126 0.053559 -0.163422 0.243982 -0.111482
-0.017606 0.032397 0.085146 -0.051961 0.100465 -0.409869 -0.111511 0.059131 -0.153116 0.256181 -0.102959
-0.016741 0.032049 0.084634 -0.050546 0.100336 -0.412636 -0.109496 0.064412 -0.144051 0.266564 -0.095487
-0.015961 0.031620 0.084139 -0.049107 0.100227 -0.415113 -0.107167 0.069292 -0.136285 0.278284 -0.088982
-0.015268 0.031084 0.083611 -0.047629 0.100146 -0.417340 -0.104514 0.073767 -0.129779 0.292942 -0.083194
-0.014650 0.030431 0.083040 -0.046139 0.100080 -0.419137 -0.101668 0.077781 -0.124528 0.308570 -0.078333
-0.014102 0.029639 0.082403 -0.044624 0.100040 -0.420685 -0.098579 0.081475 -0.120340 0.323080 -0.074461
-0.013616 0.028711 0.081740 -0.043075 0.100044 -0.422155 -0.095296 0.084933 -0.117032 0.334867 -0.071530
-0.013192 0.027657 0.081107 -0.041542 0.100080 -0.423501 -0.091954 0.087964 -0.114810 0.346052 -0.069362
-0.012839 0.026456 0.080414 -0.039996 0.100164 -0.424617 -0.088572 0.090589 -0.113639 0.354027 -0.068087
-0.012537 0.025125 0.079637 -0.038394 0.100304 -0.425834 -0.085096 0.092880 -0.113440 0.361402 -0.067396
-0.012275 0.023653 0.078871 -0.036750 0.100495 -0.427105 -0.081664 0.094723 -0.114246 0.370959 -0.067134
-0.012064 0.022042 0.078053 -0.035064 0.100740 -0.428366 -0.078364 0.096073 -0.116089 0.385079 -0.067192
-0.011908 0.020303 0.077148 -0.033298 0.101062 -0.429726 -0.075106 0.097147 -0.118561 0.399628 -0.067560
-0.011809 0.018499 0.076331 -0.031551 0.101438 -0.431220 -0.071977 0.097930 -0.121489 0.413663 -0.068141
-0.011782 0.016636 0.075587 -0.029830 0.101879 -0.432805 -0.068942 0.098469 -0.124820 0.429069 -0.068878
-0.011841 0.014729 0.074901 -0.028145 0.102388 -0.434255 -0.066144 0.098765 -0.128390 0.444303 -0.069699
-0.011979 0.012797 0.074290 -0.026515 0.102949 -0.435514 -0.063503 0.098832 -0.132114 0.459319 -0.070557
-0.012184 0.010861 0.073731 -0.024934 0.103549 -0.436553 -0.060991 0.098702 -0.135976 0.474614 -0.071459
-0.012480 0.008948 0.073299 -0.023440 0.104201 -0.437368 -0.058657 0.098391 -0.139798 0.489120 -0.072367
-0.012855 0.007053 0.073093 -0.022079 0.104889 -0.437971 -0.056549 0.097923 -0.143423 0.500686 -0.073255
-0.013312 0.005242 0.073027 -0.020848 0.105609 -0.438538 -0.054528 0.097319 -0.146866 0.510935 -0.074126
-0.013839 0.003556 0.073201 -0.019803 0.106343 -0.439146 -0.052679 0.096581 -0.150071 0.519583 -0.074986
-0.014442 0.002022 0.073649 -0.018981 0.107085 -0.439802 -0.051028 0.095721 -0.152913 0.525515 -0.075799
-0.015107 0.000619 0.074236 -0.018329 0.107832 -0.440523 -0.049531 0.094787 -0.155441 0.529548 -0.076615
-0.015809 -0.000638 0.074989 -0.017857 0.108553 -0.441340 -0.048141 0.093784 -0.157653 0.530693 -0.077438
-0.016531 -0.001740 0.075914 -0.017563 0.109242 -0.442328 -0.046823 0.092778 -0.159496 0.529069 -0.078308
-0.017274 -0.002705 0.076928 -0.017427 0.109888 -0.443484 -0.045657 0.091827 -0.160944 0.524539 -0.079239
-0.018053 -0.003559 0.078009 -0.017425 0.110500 -0.444933 -0.044626 0.090853 -0.162125 0.519354 -0.080219
-0.018823 -0.004282 0.079150 -0.017570 0.111047 -0.446861 -0.043755 0.089836 -0.163098 0.513846 -0.081241
-0.019567 -0.004881 0.080261 -0.017811 0.111535 -0.449137 -0.043085 0.088752 -0.163976 0.510355 -0.082323
-0.020264 -0.005376 0.081300 -0.018146 0.111916 -0.451887 -0.042672 0.087570 -0.164830 0.508556 -0.083438
-0.020945 -0.005766 0.082309 -0.018546 0.112251 -0.455056 -0.042423 0.086246 -0.165677 0.509192 -0.084567
-0.021577 -0.006053 0.083266 -0.019004 0.112483 -0.458582 -0.042382 0.084858 -0.166447 0.510704 -0.085700
-0.022172 -0.006257 0.084155 -0.019485 0.112606 -0.461816 -0.042485 0.083446 -0.167132 0.512867 -0.086831
-0.022728 -0.006363 0.084914 -0.019981 0.112633 -0.464841 -0.042717 0.082010 -0.167728 0.515549 -0.087934
-0.023319 -0.006373 0.085642 -0.020505 0.112657 -0.467548 -0.043023 0.080545 -0.168196 0.519074 -0.089011
-0.023908 -0.006304 0.086292 -0.021046 0.112582 -0.468422 -0.043333 0.079060 -0.168598 0.523522 -0.090061
-0.024498 -0.006164 0.086837 -0.021595 0.112439 -0.466680 -0.043566 0.077692 -0.168814 0.526981 -0.091138
-0.025113 -0.005968 0.087315 -0.022148 0.112248 -0.462186 -0.043705 0.076226 -0.168854 0.530579 -0.092068
-0.025789 -0.005759 0.087786 -0.022722 0.111999 -0.454421 -0.043726 0.074678 -0.168685 0.534224 -0.092809
-0.026484 -0.005569 0.088220 -0.023283 0.111667 -0.442604 -0.043588 0.073135 -0.168300 0.537017 -0.093363
-0.027145 -0.005421 0.088520 -0.023821 0.111236 -0.427815 -0.043323 0.071645 -0.167742 0.538533 -0.093829
-0.027805 -0.005321 0.088773 -0.024339 0.110762 -0.410156 -0.042907 0.070034 -0.167128 0.540954 -0.094128
-0.028455 -0.005267 0.088936 -0.024845 0.110259 -0.389994 -0.042367 0.068471 -0.166463 0.543368 -0.094396
-0.029094 -0.005267 0.089048 -0.025339 0.109715 -0.367211 -0.041708 0.066924 -0.165755 0.545540 -0.094639
-0.029681 -0.005330 0.089133 -0.025816 0.109052 -0.341793 -0.040968 0.065320 -0.165090 0.548054 -0.094832
-0.030255 -0.005439 0.089266 -0.026270 0.108398 -0.315353 -0.040211 0.063596 -0.164434 0.551157 -0.094857
-0.030808 -0.005594 0.089410 -0.026691 0.107750 -0.289113 -0.039507 0.061810 -0.163794 0.554314 -0.094752
-0.031330 -0.005783 0.089542 -0.027079 0.107118 -0.263760 -0.038863 0.060210 -0.163172 0.556114 -0.094728
-0.031807 -0.005977 0.089635 -0.027422 0.106502 -0.239379 -0.038293 0.058812 -0.162590 0.556585 -0.094823
-0.032260 -0.006154 0.089653 -0.027724 0.105966 -0.217068 -0.037815 0.057577 -0.162071 0.556071 -0.095097
-0.032737 -0.006327 0.089718 -0.027996 0.105512 -0.196370 -0.037400 0.056545 -0.161571 0.554563 -0.095480
-0.033206 -0.006478 0.089766 -0.028233 0.105107 -0.177101 -0.037044 0.055790 -0.161125 0.551719 -0.096038
-0.033677 -0.006607 0.089856 -0.028438 0.104740 -0.158768 -0.036739 0.055109 -0.160741 0.548791 -0.096599
-0.034174 -0.006729 0.090086 -0.028611 0.104470 -0.154459 -0.036985 0.054536 -0.160400 0.545859 -0.097168
-0.034673 -0.006832 0.090331 -0.028748 0.104280 -0.161762 -0.037822 0.054118 -0.160101 0.542897 -0.097705
-0.035148 -0.006915 0.090549 -0.028864 0.104128 -0.178271 -0.039273 0.053865 -0.159871 0.539729 -0.098300
-0.035604 -0.006985 0.090849 -0.028972 0.104000 -0.202163 -0.041345 0.053691 -0.159698 0.536971 -0.098869
-0.036036 -0.007053 0.091250 -0.029070 0.103894 -0.232116 -0.044055 0.053574 -0.159576 0.534524 -0.099389
-0.036440 -0.007097 0.091664 -0.029166 0.103817 -0.263496 -0.046799 0.053485 -0.159519 0.532452 -0.099854
-0.036850 -0.007135 0.092214 -0.029269 0.103777 -0.295791 -0.049569 0.053457 -0.159444 0.529930 -0.100253
-0.037234 -0.007148 0.092789 -0.029366 0.103739 -0.328669 -0.052355 0.053454 -0.159420 0.527402 -0.100604
-0.037613 -0.007147 0.093370 -0.029469 0.103727 -0.362211 -0.055176 0.053498 -0.159424 0.524523 -0.100943
-0.037986 -0.007142 0.093962 -0.029570 0.103770 -0.397198 -0.058036 0.053588 -0.159477 0.521640 -0.101304
-0.038321 -0.007143 0.094482 -0.029666 0.103821 -0.421047 -0.060418 0.053721 -0.159601 0.518664 -0.101705
-0.038618 -0.007161 0.094949 -0.029753 0.103880 -0.436322 -0.062281 0.053864 -0.159835 0.516120 -0.102161
-0.038886 -0.007203 0.095368 -0.029833 0.103978 -0.445375 -0.063582 0.054017 -0.160127 0.513976 -0.102657
-0.039126 -0.007260 0.095659 -0.029896 0.104101 -0.449493 -0.064286 0.054114 -0.160559 0.512760 -0.103190
-0.039337 -0.007327 0.095794 -0.029943 0.104219 -0.449275 -0.064366 0.054145 -0.161126 0.512658 -0.103734
-0.039522 -0.007419 0.095866 -0.029988 0.104334 -0.448761 -0.064442 0.054117 -0.161786 0.513244 -0.104279
-0.039684 -0.007527 0.095850 -0.030036 0.104446 -0.447942 -0.064512 0.054028 -0.162539 0.514649 -0.104817
-0.039817 -0.007656 0.095790 -0.030092 0.104545 -0.446238 -0.064605 0.053825 -0.163401 0.516973 -0.105322
-0.039918 -0.007815 0.095731 -0.030139 0.104626 -0.443683 -0.064711 0.053556 -0.164311 0.519959 -0.105791
-0.039985 -0.007998 0.095659 -0.030173 0.104696 -0.440242 -0.064869 0.053219 -0.165259 0.523344 -0.106239
-0.040034 -0.008192 0.095569 -0.030180 0.104770 -0.436563 -0.065080 0.052817 -0.166234 0.527273 -0.106658
-0.040064 -0.008392 0.095464 -0.030164 0.104847 -0.432638 -0.065343 0.052343 -0.167233 0.531491 -0.107074
-0.040096 -0.008603 0.095357 -0.030113 0.104946 -0.428837 -0.065707 0.051840 -0.168264 0.535961 -0.107524
-0.040125 -0.008822 0.095277 -0.030047 0.105077 -0.425159 -0.066203 0.051363 -0.169248 0.540122 -0.108007
-0.040152 -0.009047 0.095239 -0.029974 0.105233 -0.421631 -0.066795 0.050914 -0.170159 0.543771 -0.108518
-0.040175 -0.009283 0.095232 -0.029885 0.105411 -0.419018 -0.067488 0.050483 -0.171016 0.547179 -0.109056
-0.040194 -0.009535 0.095268 -0.029786 0.105609 -0.417356 -0.068275 0.050060 -0.171813 0.550516 -0.109603
-0.040204 -0.009794 0.095333 -0.029695 0.105804 -0.416763 -0.069061 0.049705 -0.172463 0.552997 -0.110145
-0.040208 -0.010057 0.095408 -0.029625 0.105984 -0.417066 -0.069861 0.049355 -0.172996 0.554679 -0.110672
-0.040209 -0.010311 0.095489 -0.029599 0.106135 -0.418183 -0.070646 0.049014 -0.173397 0.555348 -0.111178
-0.040200 -0.010564 0.095572 -0.029620 0.106233 -0.419144 -0.071408 0.048700 -0.173674 0.554930 -0.111667
-0.040180 -0.010812 0.095648 -0.029691 0.106276 -0.419929 -0.072163 0.048426 -0.173833 0.553507 -0.112128
-0.040145 -0.011037 0.095716 -0.029810 0.106256 -0.420129 -0.072883 0.048140 -0.173901 0.551246 -0.112606
-0.040087 -0.011254 0.095763 -0.029940 0.106169 -0.419883 -0.073508 0.047855 -0.173930 0.548726 -0.113109
-0.040003 -0.011463 0.095780 -0.030067 0.106032 -0.419259 -0.074066 0.047579 -0.173957 0.546290 -0.113645
-0.039909 -0.011653 0.095773 -0.030190 0.105866 -0.418537 -0.074524 0.047315 -0.173980 0.544227 -0.114217
-0.039798 -0.011814 0.095724 -0.030329 0.105664 -0.418089 -0.074912 0.047074 -0.173932 0.542018 -0.114798
-0.039676 -0.011956 0.095633 -0.030481 0.105446 -0.418156 -0.075301 0.046865 -0.173815 0.539749 -0.115361
-0.039554 -0.012067 0.095514 -0.030666 0.105222 -0.418878 -0.075678 0.046718 -0.173621 0.537330 -0.115904
-0.039431 -0.012149 0.095376 -0.030864 0.104996 -0.420265 -0.076036 0.046625 -0.173353 0.534906 -0.116408
-0.039314 -0.012194 0.095227 -0.031090 0.104780 -0.422242 -0.076393 0.046552 -0.172988 0.532154 -0.116866
-0.039200 -0.012223 0.095050 -0.031305 0.104576 -0.424494 -0.076729 0.046495 -0.172601 0.529409 -0.117341
-0.039089 -0.012242 0.094843 -0.031507 0.104383 -0.426985 -0.077022 0.046446 -0.172201 0.526689 -0.117767
-0.038986 -0.012242 0.094615 -0.031715 0.104201 -0.429639 -0.077323 0.046384 -0.171770 0.523604 -0.118122
-0.038888 -0.012235 0.094354 -0.031938 0.104022 -0.432465 -0.077646 0.046303 -0.171308 0.520001 -0.118395
-0.038787 -0.012232 0.094058 -0.032171 0.103834 -0.435435 -0.077999 0.046227 -0.170834 0.515755 -0.118524
-0.038698 -0.012232 0.093781 -0.032390 0.103652 -0.438080 -0.078328 0.046145 -0.170408 0.511405 -0.118484
-0.038607 -0.012250 0.093508 -0.032576 0.103474 -0.440223 -0.078672 0.046061 -0.170074 0.507362 -0.118302
-0.038505 -0.012302 0.093230 -0.032706 0.103300 -0.441808 -0.079021 0.045979 -0.169856 0.503973 -0.118004
-0.038388 -0.012396 0.092947 -0.032782 0.103136 -0.442865 -0.079382 0.045908 -0.169757 0.501152 -0.117637
-0.038255 -0.012531 0.092659 -0.032804 0.102987 -0.443464 -0.079755 0.045868 -0.169792 0.499078 -0.117268
-0.038100 -0.012690 0.092363 -0.032801 0.102848 -0.443977 -0.080182 0.045855 -0.169892 0.497320 -0.116897
-0.037931 -0.012865 0.092085 -0.032788 0.102728 -0.444578 -0.080638 0.045883 -0.170028 0.495799 -0.116545
-0.037750 -0.013047 0.091826 -0.032769 0.102624 -0.445274 -0.081104 0.045953 -0.170194 0.494607 -0.116246
-0.037559 -0.013217 0.091594 -0.032747 0.102544 -0.445980 -0.081606 0.046063 -0.170371 0.493736 -0.116011
-0.037360 -0.013375 0.091383 -0.032718 0.102487 -0.446681 -0.082150 0.046204 -0.170535 0.493057 -0.115888
-0.037144 -0.013526 0.091157 -0.032677 0.102449 -0.447321 -0.082770 0.046383 -0.170694 0.492487 -0.115926
-0.036925 -0.013649 0.090943 -0.032635 0.102434 -0.447988 -0.083422 0.046571 -0.170832 0.491839 -0.116134
-0.036703 -0.013740 0.090727 -0.032596 0.102433 -0.448518 -0.084146 0.046760 -0.170940 0.490823 -0.116502
-0.036483 -0.013800 0.090506 -0.032560 0.102462 -0.449200 -0.084899 0.046933 -0.171025 0.489506 -0.117004
-0.036265 -0.013828 0.090282 -0.032527 0.102512 -0.449919 -0.085677 0.047087 -0.171088 0.487923 -0.117598
-0.036059 -0.013823 0.090082 -0.032509 0.102591 -0.450621 -0.086476 0.047221 -0.171118 0.485987 -0.118258
-0.035854 -0.013799 0.089880 -0.032495 0.102689 -0.451165 -0.087331 0.047349 -0.171128 0.483739 -0.118978
-0.035662 -0.013763 0.089695 -0.032490 0.102814 -0.451672 -0.088216 0.047474 -0.171113 0.481114 -0.119771
-0.035472 -0.013719 0.089517 -0.032490 0.102928 -0.451927 -0.089091 0.047593 -0.171104 0.478164 -0.120659
-0.035279 -0.013667 0.089348 -0.032520 0.103061 -0.452032 -0.090026 0.047679 -0.171130 0.475037 -0.121648
-0.035086 -0.013610 0.089182 -0.032582 0.103212 -0.452212 -0.090972 0.047721 -0.171195 0.471884 -0.122728
-0.034894 -0.013550 0.089017 -0.032684 0.103391 -0.452600 -0.091925 0.047717 -0.171298 0.468679 -0.123915
-0.034695 -0.013485 0.088848 -0.032831 0.103606 -0.453341 -0.092893 0.047656 -0.171454 0.465748 -0.125149
-0.034500 -0.013411 0.088687 -0.033022 0.103850 -0.454126 -0.093934 0.047538 -0.171646 0.463179 -0.126393
-0.034310 -0.013323 0.088525 -0.033240 0.104103 -0.454940 -0.094996 0.047369 -0.171860 0.461040 -0.127611
-0.034125 -0.013220 0.088358 -0.033474 0.104353 -0.455742 -0.096061 0.047142 -0.172092 0.459463 -0.128763
-0.033945 -0.013103 0.088184 -0.033719 0.104599 -0.456493 -0.097134 0.046860 -0.172345 0.458446 -0.129844
-0.033759 -0.012970 0.087984 -0.033967 0.104829 -0.457101 -0.098213 0.046527 -0.172614 0.457932 -0.130825
-0.033582 -0.012830 0.087779 -0.034213 0.105079 -0.457751 -0.099366 0.046159 -0.172881 0.457831 -0.131700
-0.033420 -0.012688 0.087574 -0.034436 0.105315 -0.458339 -0.100496 0.045788 -0.173119 0.457912 -0.132478
-0.033264 -0.012547 0.087362 -0.034634 0.105533 -0.458778 -0.101674 0.045436 -0.173334 0.458043 -0.133172
-0.033112 -0.012411 0.087140 -0.034806 0.105717 -0.458932 -0.102924 0.045094 -0.173518 0.458310 -0.133743
-0.032972 -0.012286 0.086931 -0.034952 0.105866 -0.458880 -0.104195 0.044780 -0.173661 0.458601 -0.134240
-0.032831 -0.012176 0.086715 -0.035074 0.105955 -0.458673 -0.105423 0.044493 -0.173764 0.458803 -0.134667
-0.032685 -0.012087 0.086494 -0.035197 0.106007 -0.458409 -0.106654 0.044230 -0.173846 0.458957 -0.135035
-0.032535 -0.012022 0.086282 -0.035332 0.106025 -0.458171 -0.107851 0.043985 -0.173893 0.458991 -0.135354
-0.032384 -0.011982 0.086081 -0.035487 0.106007 -0.457991 -0.108977 0.043770 -0.173919 0.458853 -0.135648
-0.032230 -0.011968 0.085894 -0.035666 0.105953 -0.457782 -0.110070 0.043581 -0.173926 0.458581 -0.135910
-0.032073 -0.011982 0.085723 -0.035876 0.105865 -0.457717 -0.111070 0.043406 -0.173924 0.458171 -0.136150
-0.031914 -0.012025 0.085571 -0.036115 0.105748 -0.457790 -0.112013 0.043227 -0.173911 0.457600 -0.136362
-0.031762 -0.012093 0.085447 -0.036373 0.105610 -0.457967 -0.112845 0.043043 -0.173886 0.456905 -0.136556
-0.031620 -0.012188 0.085349 -0.036641 0.105461 -0.458345 -0.113566 0.042862 -0.173862 0.456042 -0.136747
-0.031491 -0.012306 0.085263 -0.036911 0.105302 -0.458919 -0.114187 0.042674 -0.173833 0.454984 -0.136928
-0.031378 -0.012440 0.085189 -0.037171 0.105146 -0.459635 -0.114718 0.042496 -0.173811 0.453854 -0.137097
-0.031286 -0.012591 0.085135 -0.037413 0.104987 -0.460414 -0.115149 0.042334 -0.173793 0.452723 -0.137250
-0.031215 -0.012759 0.085085 -0.037638 0.104822 -0.461232 -0.115500 0.042199 -0.173789 0.451652 -0.137385
-0.031167 -0.012840 0.085065 -0.037762 0.104736 -0.461608 -0.115711 0.042122 -0.173786 0.450998 -0.137471
-0.031127 -0.012934 0.085055 -0.037876 0.104655 -0.462058 -0.115917 0.042043 -0.173785 0.450318 -0.137548
-0.031100 -0.013035 0.085052 -0.037975 0.104581 -0.462512 -0.116117 0.041962 -0.173781 0.449659 -0.137609
-0.031082 -0.013140 0.085043 -0.038061 0.104513 -0.463005 -0.116285 0.041889 -0.173784 0.449096 -0.137654
