0.002103 0.127837 0.010927 -0.021429 0.112459 -0.476019 -0.143573 0.020258 -0.149700 0.507709 -0.176497
0.002155 0.127840 0.010997 -0.021401 0.112436 -0.475797 -0.143563 0.020293 -0.149615 0.507660 -0.176491
0.002205 0.127820 0.011037 -0.021394 0.112418 -0.475606 -0.143574 0.020331 -0.149522 0.507648 -0.176464
0.002253 0.127784 0.011061 -0.021361 0.112409 -0.475408 -0.143542 0.020376 -0.149424 0.507589 -0.176427
0.002302 0.127733 0.011087 -0.021316 0.112406 -0.475225 -0.143467 0.020418 -0.149327 0.507585 -0.176365
0.002352 0.127667 0.011119 -0.021255 0.112411 -0.475055 -0.143371 0.020456 -0.149230 0.507654 -0.176282
0.002451 0.127547 0.011191 -0.021123 0.112407 -0.474692 -0.143200 0.020545 -0.149050 0.507709 -0.176169
0.002547 0.127418 0.011267 -0.020964 0.112419 -0.474322 -0.143012 0.020632 -0.148875 0.507787 -0.176039
0.002644 0.127266 0.011359 -0.020810 0.112443 -0.474059 -0.142801 0.020702 -0.148709 0.507892 -0.175885
0.002734 0.127094 0.011447 -0.020648 0.112484 -0.473896 -0.142574 0.020765 -0.148553 0.508071 -0.175712
0.002817 0.126915 0.011532 -0.020480 0.112539 -0.473811 -0.142330 0.020829 -0.148404 0.508322 -0.175520
0.002892 0.126714 0.011628 -0.020300 0.112604 -0.473775 -0.142052 0.020875 -0.148265 0.508547 -0.175311
0.002961 0.126511 0.011747 -0.020109 0.112680 -0.473865 -0.141661 0.020900 -0.148137 0.508656 -0.175098
0.003021 0.126296 0.011865 -0.019941 0.112757 -0.474046 -0.141243 0.020914 -0.148022 0.508733 -0.174880
0.003072 0.126066 0.011966 -0.019801 0.112833 -0.474313 -0.140803 0.020931 -0.147915 0.508654 -0.174683
0.003115 0.125820 0.012045 -0.019703 0.112905 -0.474688 -0.140323 0.020950 -0.147814 0.508379 -0.174520
0.003150 0.125570 0.012114 -0.019643 0.112967 -0.475324 -0.139732 0.020980 -0.147723 0.508047 -0.174383
0.003180 0.125300 0.012161 -0.019618 0.113022 -0.476130 -0.139104 0.021016 -0.147642 0.507622 -0.174274
0.003207 0.125018 0.012167 -0.019539 0.113073 -0.476936 -0.138468 0.021081 -0.147571 0.507078 -0.174209
0.003233 0.124771 0.012145 -0.019455 0.113120 -0.477759 -0.137810 0.021111 -0.147512 0.506438 -0.174173
0.003261 0.124545 0.012092 -0.019366 0.113167 -0.478623 -0.137131 0.021104 -0.147463 0.505700 -0.174171
0.003294 0.124350 0.012013 -0.019256 0.113212 -0.479387 -0.136504 0.021068 -0.147428 0.504913 -0.174201
0.003332 0.124185 0.011909 -0.019123 0.113253 -0.479966 -0.136003 0.021004 -0.147407 0.504154 -0.174266
0.003377 0.124067 0.011804 -0.019027 0.113292 -0.480499 -0.135562 0.020899 -0.147410 0.503456 -0.174367
0.003428 0.123957 0.011701 -0.018884 0.113324 -0.480835 -0.135220 0.020792 -0.147437 0.502880 -0.174497
0.003485 0.123871 0.011605 -0.018681 0.113349 -0.480921 -0.134987 0.020687 -0.147493 0.502459 -0.174652
0.003545 0.123810 0.011518 -0.018436 0.113368 -0.480615 -0.134935 0.020572 -0.147572 0.502140 -0.174827
0.003601 0.123800 0.011435 -0.018175 0.113389 -0.479992 -0.134991 0.020425 -0.147664 0.501919 -0.175017
0.003649 0.123845 0.011362 -0.017963 0.113408 -0.479133 -0.135124 0.020241 -0.147749 0.501712 -0.175207
0.003689 0.123893 0.011301 -0.017787 0.113414 -0.478188 -0.135246 0.020079 -0.147820 0.501484 -0.175400
0.003718 0.123950 0.011250 -0.017648 0.113400 -0.477125 -0.135356 0.019941 -0.147874 0.501241 -0.175589
0.003733 0.124018 0.011210 -0.017546 0.113367 -0.476091 -0.135378 0.019830 -0.147909 0.500964 -0.175778
0.003739 0.124076 0.011183 -0.017455 0.113306 -0.475095 -0.135313 0.019783 -0.147933 0.500642 -0.175962
0.003739 0.124115 0.011165 -0.017311 0.113223 -0.474053 -0.135190 0.019790 -0.147940 0.500289 -0.176127
0.003732 0.124180 0.011153 -0.017202 0.113135 -0.473089 -0.135036 0.019802 -0.147932 0.499934 -0.176268
0.003717 0.124265 0.011145 -0.017134 0.113053 -0.472291 -0.134848 0.019818 -0.147908 0.499590 -0.176382
0.003697 0.124364 0.011141 -0.017109 0.112977 -0.471658 -0.134626 0.019836 -0.147865 0.499289 -0.176462
0.003684 0.124447 0.011155 -0.017099 0.112898 -0.471202 -0.134371 0.019881 -0.147815 0.499030 -0.176515
0.003670 0.124515 0.011184 -0.017094 0.112766 -0.470157 -0.133981 0.019950 -0.147762 0.498841 -0.176527
0.003653 0.124567 0.011229 -0.017068 0.112593 -0.468365 -0.133545 0.020049 -0.147701 0.498580 -0.176484
0.003637 0.124595 0.011294 -0.017019 0.112371 -0.465601 -0.133005 0.020183 -0.147623 0.498015 -0.176363
0.003618 0.124597 0.011378 -0.016949 0.112093 -0.461784 -0.132359 0.020356 -0.147526 0.497037 -0.176151
0.003586 0.124599 0.011468 -0.016889 0.111758 -0.456799 -0.131596 0.020551 -0.147375 0.495476 -0.175852
0.003550 0.124595 0.011564 -0.016852 0.111414 -0.451474 -0.130816 0.020779 -0.147175 0.493227 -0.175467
0.003508 0.124583 0.011666 -0.016832 0.111034 -0.445947 -0.129828 0.021035 -0.146931 0.490393 -0.175007
0.003461 0.124568 0.011768 -0.016830 0.110618 -0.440494 -0.128666 0.021306 -0.146652 0.487166 -0.174491
0.003406 0.124550 0.011864 -0.016843 0.110175 -0.435170 -0.127333 0.021620 -0.146332 0.483492 -0.173961
0.003336 0.124532 0.011937 -0.016868 0.109715 -0.430078 -0.125793 0.021957 -0.146001 0.479565 -0.173401
0.003258 0.124508 0.011980 -0.016916 0.109289 -0.426010 -0.124121 0.022321 -0.145669 0.475565 -0.172858
0.003177 0.124478 0.011991 -0.016979 0.108909 -0.422835 -0.122449 0.022701 -0.145348 0.471624 -0.172338
0.003092 0.124450 0.011967 -0.017052 0.108593 -0.420737 -0.120864 0.023092 -0.145055 0.467946 -0.171855
0.003011 0.124423 0.011913 -0.017147 0.108350 -0.419899 -0.119368 0.023469 -0.144801 0.464773 -0.171398
0.002934 0.124397 0.011828 -0.017253 0.108205 -0.420201 -0.117914 0.023809 -0.144604 0.462410 -0.170952
0.002858 0.124348 0.011698 -0.017360 0.108104 -0.420778 -0.116413 0.024108 -0.144446 0.460941 -0.170520
0.002784 0.124280 0.011525 -0.017462 0.108063 -0.421507 -0.114999 0.024371 -0.144321 0.460340 -0.170092
0.002714 0.124183 0.011308 -0.017554 0.108074 -0.422052 -0.113637 0.024612 -0.144216 0.460477 -0.169653
0.002648 0.124062 0.011036 -0.017629 0.108113 -0.422318 -0.112320 0.024785 -0.144099 0.461205 -0.169141
0.002594 0.123919 0.010730 -0.017694 0.108167 -0.422405 -0.111192 0.024907 -0.143931 0.462153 -0.168557
0.002550 0.123784 0.010410 -0.017752 0.108237 -0.422370 -0.110309 0.024974 -0.143711 0.463128 -0.167871
0.002512 0.123655 0.010079 -0.017817 0.108316 -0.422401 -0.109536 0.024983 -0.143425 0.464056 -0.167094
0.002473 0.123537 0.009739 -0.017902 0.108410 -0.422641 -0.108873 0.024925 -0.143074 0.465007 -0.166243
0.002430 0.123427 0.009403 -0.018010 0.108529 -0.422996 -0.108345 0.024820 -0.142695 0.466176 -0.165373
0.002387 0.123317 0.009093 -0.018149 0.108673 -0.423825 -0.108000 0.024666 -0.142333 0.467768 -0.164519
0.002339 0.123250 0.008829 -0.018329 0.108855 -0.425116 -0.107871 0.024437 -0.142034 0.470048 -0.163713
0.002290 0.123235 0.008614 -0.018550 0.109086 -0.426934 -0.108007 0.024109 -0.141839 0.473178 -0.162991
0.002240 0.123282 0.008451 -0.018803 0.109372 -0.429355 -0.108389 0.023654 -0.141788 0.477243 -0.162385
0.002193 0.123392 0.008346 -0.019086 0.109741 -0.432536 -0.109018 0.023055 -0.141951 0.482368 -0.161960
0.002140 0.123580 0.008263 -0.019391 0.110189 -0.435921 -0.109935 0.022258 -0.142368 0.488629 -0.161734
0.002086 0.123818 0.008166 -0.019705 0.110755 -0.439764 -0.111128 0.021207 -0.143076 0.495866 -0.161710
0.002031 0.124113 0.008054 -0.020014 0.111416 -0.443883 -0.112551 0.019811 -0.144149 0.504228 -0.161864
0.001983 0.124483 0.007881 -0.020316 0.112184 -0.448208 -0.114289 0.017954 -0.145660 0.513591 -0.162193
0.001951 0.124955 0.007611 -0.020601 0.113056 -0.452675 -0.116382 0.015483 -0.147687 0.523888 -0.162671
0.001946 0.125528 0.007223 -0.020845 0.114083 -0.457589 -0.118793 0.012290 -0.150329 0.534566 -0.163352
0.001968 0.126223 0.006703 -0.021015 0.115260 -0.462963 -0.121457 0.008254 -0.153719 0.545426 -0.164296
0.002017 0.127044 0.006015 -0.021112 0.116573 -0.468386 -0.124417 0.003295 -0.157945 0.555381 -0.165624
0.002090 0.127976 0.005170 -0.021080 0.118102 -0.474067 -0.127717 -0.002677 -0.163146 0.564083 -0.167438
0.002176 0.129006 0.004167 -0.020897 0.119863 -0.479778 -0.131373 -0.009702 -0.169411 0.570590 -0.169921
0.002271 0.130131 0.003086 -0.020582 0.121804 -0.485634 -0.135136 -0.017829 -0.176891 0.575023 -0.173243
0.002361 0.131331 0.001849 -0.020087 0.123964 -0.491121 -0.139083 -0.027085 -0.185650 0.576851 -0.177673
0.002435 0.132594 0.000443 -0.019369 0.126441 -0.496704 -0.143237 -0.037508 -0.195816 0.576405 -0.183423
0.002469 0.133886 -0.001123 -0.018414 0.129181 -0.502099 -0.147418 -0.049029 -0.207408 0.573011 -0.190776
0.002462 0.135182 -0.002751 -0.017194 0.132176 -0.507422 -0.151557 -0.061596 -0.220504 0.566690 -0.199888
0.002409 0.136487 -0.004411 -0.015723 0.135363 -0.512207 -0.155695 -0.074795 -0.234598 0.557909 -0.210438
0.002257 0.137733 -0.006255 -0.013831 0.138815 -0.516327 -0.159884 -0.088981 -0.250054 0.545897 -0.222936
0.001996 0.138886 -0.008284 -0.011402 0.142558 -0.520065 -0.164046 -0.104167 -0.266833 0.531079 -0.237471
0.001643 0.139931 -0.010443 -0.008565 0.146403 -0.523057 -0.168077 -0.120302 -0.284867 0.513774 -0.253980
0.001170 0.140814 -0.012955 -0.005337 0.150274 -0.525374 -0.171697 -0.137485 -0.304057 0.494904 -0.272462
0.000574 0.141516 -0.015868 -0.001294 0.154433 -0.527292 -0.175301 -0.156082 -0.324708 0.474350 -0.293318
-0.000085 0.142039 -0.018856 0.003434 0.158655 -0.529111 -0.178630 -0.175704 -0.346465 0.453200 -0.315914
-0.000790 0.142377 -0.021859 0.008815 0.162826 -0.530537 -0.181637 -0.196256 -0.369168 0.431262 -0.340063
-0.001545 0.142524 -0.024897 0.015067 0.167065 -0.531959 -0.184391 -0.217875 -0.392852 0.409474 -0.365625
-0.002347 0.142505 -0.027891 0.022288 0.171434 -0.533379 -0.187081 -0.240446 -0.417373 0.387650 -0.392436
-0.003191 0.142310 -0.030890 0.030069 0.175732 -0.534798 -0.189414 -0.263817 -0.442595 0.364050 -0.421277
-0.004069 0.141966 -0.033806 0.038468 0.179989 -0.536638 -0.191291 -0.288121 -0.468595 0.341032 -0.451164
-0.004986 0.141476 -0.036608 0.047465 0.184183 -0.539003 -0.192640 -0.313413 -0.495385 0.318922 -0.481919
-0.005932 0.140884 -0.039310 0.056901 0.188318 -0.541854 -0.193538 -0.339052 -0.522211 0.296468 -0.513747
-0.006845 0.140280 -0.041638 0.067002 0.192436 -0.544315 -0.194682 -0.364349 -0.548486 0.272572 -0.546963
-0.007717 0.139665 -0.043642 0.077578 0.196374 -0.545989 -0.195987 -0.388854 -0.573701 0.247705 -0.580826
-0.008687 0.138972 -0.045507 0.088655 0.200283 -0.548110 -0.196804 -0.414286 -0.599382 0.223505 -0.614511
-0.009734 0.138238 -0.047238 0.100187 0.204166 -0.550687 -0.197192 -0.440666 -0.625465 0.200027 -0.647688
-0.010838 0.137479 -0.048869 0.112256 0.207954 -0.553684 -0.197077 -0.468706 -0.652507 0.178261 -0.679441
-0.012154 0.136596 -0.050649 0.124662 0.211629 -0.557798 -0.195794 -0.499290 -0.680797 0.159486 -0.708754
-0.013691 0.135591 -0.052532 0.137594 0.215349 -0.563668 -0.193437 -0.533938 -0.711397 0.146449 -0.734229
-0.015269 0.134616 -0.054562 0.151030 0.218823 -0.568948 -0.190789 -0.569830 -0.742029 0.134809 -0.757716
-0.017057 0.133612 -0.056896 0.164746 0.222165 -0.574500 -0.187602 -0.606048 -0.771752 0.123536 -0.779618
-0.019144 0.132540 -0.059595 0.178686 0.225500 -0.581597 -0.183633 -0.642245 -0.800463 0.112760 -0.800061
-0.021418 0.131458 -0.062683 0.192228 0.228709 -0.593136 -0.178163 -0.678169 -0.828333 0.102608 -0.819128
-0.024034 0.130314 -0.066158 0.206677 0.231786 -0.603103 -0.172070 -0.716166 -0.856919 0.096617 -0.834131
-0.026887 0.129175 -0.069866 0.221890 0.234676 -0.608237 -0.166658 -0.754117 -0.884308 0.092884 -0.846031
-0.029821 0.128087 -0.073687 0.238187 0.237195 -0.610221 -0.161517 -0.792197 -0.910657 0.089455 -0.856339
-0.032949 0.126989 -0.077879 0.255822 0.239288 -0.605685 -0.157410 -0.832256 -0.936560 0.089191 -0.863055
-0.036159 0.125913 -0.082374 0.275312 0.240816 -0.594415 -0.154692 -0.873752 -0.961370 0.092178 -0.866304
-0.039301 0.124927 -0.087233 0.295353 0.241798 -0.580677 -0.152352 -0.911756 -0.982694 0.092787 -0.869774
-0.042515 0.123890 -0.092341 0.315266 0.242463 -0.568281 -0.149313 -0.948505 -1.002150 0.093690 -0.871972
-0.045637 0.122916 -0.097700 0.336189 0.242367 -0.552733 -0.146327 -0.987743 -1.021912 0.097664 -0.871549
-0.048528 0.121973 -0.103029 0.358401 0.241393 -0.534795 -0.143130 -1.028007 -1.041783 0.102230 -0.870319
-0.051326 0.120973 -0.108339 0.382393 0.239588 -0.510567 -0.140385 -1.070794 -1.062438 0.108408 -0.867919
-0.053892 0.119938 -0.113604 0.406670 0.236891 -0.488826 -0.136487 -1.114345 -1.082524 0.112326 -0.867418
-0.056234 0.118889 -0.119064 0.431410 0.233318 -0.471718 -0.130946 -1.159497 -1.102611 0.113363 -0.869645
-0.058551 0.117656 -0.124840 0.456368 0.229017 -0.455869 -0.124461 -1.203738 -1.121763 0.114782 -0.872153
-0.060622 0.116386 -0.130493 0.480927 0.223852 -0.444627 -0.116214 -1.244264 -1.138776 0.112506 -0.877886
-0.062379 0.115160 -0.135893 0.504081 0.218069 -0.437751 -0.106529 -1.280126 -1.153676 0.104564 -0.888043
-0.063929 0.113983 -0.140935 0.527307 0.211673 -0.424871 -0.097136 -1.315379 -1.168632 0.096417 -0.899156
-0.065264 0.112870 -0.145583 0.551047 0.204599 -0.424565 -0.086688 -1.350303 -1.183939 0.088055 -0.911497
-0.066337 0.111852 -0.149550 0.572858 0.197743 -0.486351 -0.075309 -1.380914 -1.197841 0.077295 -0.926044
-0.067181 0.111013 -0.153047 0.592220 0.191441 -0.518685 -0.066201 -1.409658 -1.211629 0.067480 -0.940938
-0.067797 0.110358 -0.156074 0.611305 0.184630 -0.515559 -0.058859 -1.435859 -1.225017 0.059253 -0.955384
-0.068148 0.109899 -0.158575 0.630076 0.177299 -0.491222 -0.054151 -1.458128 -1.237288 0.051611 -0.969602
-0.068321 0.109266 -0.160782 0.649430 0.169072 -0.443742 -0.049814 -1.476424 -1.248640 0.046882 -0.981760
-0.068272 0.108526 -0.162720 0.669333 0.159974 -0.365883 -0.045948 -1.493160 -1.260079 0.043776 -0.993038
-0.068121 0.107524 -0.164494 0.690149 0.149954 -0.256699 -0.043645 -1.507801 -1.270942 0.042656 -1.002604
-0.067888 0.106208 -0.166213 0.710309 0.140108 -0.159727 -0.043572 -1.521216 -1.281837 0.041680 -1.012356
-0.067670 0.104428 -0.167953 0.730002 0.130449 -0.076975 -0.045392 -1.533245 -1.292520 0.039530 -1.023152
-0.067364 0.102476 -0.169487 0.748361 0.121410 0.009238 -0.051130 -1.543125 -1.302348 0.035205 -1.035102
-0.067014 0.100300 -0.170965 0.766781 0.112406 0.148217 -0.060276 -1.551864 -1.311635 0.029148 -1.048125
-0.066701 0.097819 -0.172409 0.785435 0.103426 0.257498 -0.068731 -1.559344 -1.320038 0.020670 -1.062394
-0.066430 0.095035 -0.173825 0.801942 0.095647 0.330485 -0.076272 -1.565275 -1.327136 0.011083 -1.076373
-0.066192 0.092018 -0.175257 0.815781 0.089212 0.383358 -0.082525 -1.570417 -1.333382 0.001584 -1.089386
-0.065972 0.089093 -0.176239 0.825806 0.084802 0.414630 -0.089688 -1.574451 -1.338503 -0.010140 -1.102798
-0.065808 0.086258 -0.176698 0.831691 0.082640 0.415501 -0.097309 -1.577044 -1.342113 -0.024640 -1.116777
-0.065657 0.083634 -0.176654 0.832732 0.083052 0.384673 -0.104180 -1.578802 -1.344588 -0.041567 -1.131373
-0.065508 0.081177 -0.175907 0.830662 0.085054 0.365007 -0.109479 -1.579384 -1.345612 -0.058325 -1.144167
-0.065283 0.078924 -0.174336 0.825188 0.088785 0.353796 -0.112781 -1.578672 -1.344911 -0.074736 -1.154792
-0.065063 0.076618 -0.172372 0.816868 0.093774 0.349562 -0.114297 -1.577215 -1.342761 -0.089462 -1.162844
-0.064841 0.074296 -0.170067 0.806051 0.099858 0.348915 -0.114058 -1.575079 -1.339375 -0.102294 -1.168310
-0.064489 0.071959 -0.167125 0.792242 0.107184 0.347337 -0.112690 -1.572161 -1.334698 -0.112188 -1.169990
-0.064039 0.069666 -0.163708 0.775939 0.115450 0.347912 -0.109837 -1.568674 -1.328900 -0.121113 -1.169780
-0.063548 0.067414 -0.159902 0.758185 0.124305 0.352390 -0.105685 -1.564612 -1.321971 -0.129288 -1.167806
-0.062841 0.065244 -0.155499 0.737828 0.134126 0.362594 -0.099752 -1.560116 -1.314347 -0.135886 -1.163538
-0.061910 0.063188 -0.150591 0.714420 0.144961 0.383452 -0.091954 -1.555274 -1.305937 -0.140849 -1.157010
-0.060795 0.061256 -0.145197 0.688881 0.156454 0.416171 -0.082964 -1.550121 -1.297167 -0.144644 -1.148772
-0.059489 0.059529 -0.139399 0.660756 0.168576 0.436509 -0.073153 -1.544746 -1.288178 -0.147419 -1.138981
-0.057993 0.058073 -0.133183 0.629443 0.181394 0.284815 -0.062548 -1.539184 -1.279270 -0.149000 -1.127625
-0.056426 0.056862 -0.126685 0.597253 0.194162 0.225982 -0.053998 -1.533378 -1.270347 -0.149723 -1.114661
-0.054761 0.055829 -0.119761 0.563075 0.207247 0.166174 -0.047146 -1.527286 -1.261363 -0.149359 -1.099452
-0.053156 0.055042 -0.112979 0.527647 0.220213 0.104279 -0.042576 -1.521170 -1.252224 -0.148258 -1.082952
-0.051595 0.054460 -0.106248 0.490646 0.233232 0.039505 -0.041206 -1.515178 -1.243120 -0.146223 -1.065107
-0.050059 0.054050 -0.099582 0.451422 0.246490 -0.035570 -0.041673 -1.509498 -1.234136 -0.143129 -1.045921
-0.048661 0.053864 -0.093425 0.410642 0.259436 -0.119832 -0.044928 -1.504342 -1.224941 -0.139084 -1.025575
-0.047425 0.053970 -0.087832 0.370616 0.271407 -0.213994 -0.051368 -1.499911 -1.216044 -0.134018 -1.004460
-0.046342 0.054257 -0.082777 0.330186 0.282802 -0.327438 -0.059092 -1.496136 -1.207463 -0.127276 -0.981912
-0.045473 0.054777 -0.078422 0.290240 0.293379 -0.424641 -0.069538 -1.493183 -1.198658 -0.118966 -0.957925
-0.044846 0.055535 -0.074958 0.252426 0.302726 -0.341600 -0.084830 -1.491190 -1.189493 -0.108815 -0.932483
-0.044377 0.056449 -0.072180 0.214276 0.311786 -0.346330 -0.100121 -1.490149 -1.180189 -0.097175 -0.906259
-0.044074 0.057588 -0.070116 0.176576 0.320270 -0.345547 -0.115686 -1.490021 -1.170687 -0.084416 -0.879879
-0.043855 0.058923 -0.068630 0.140987 0.327975 -0.336545 -0.135219 -1.490859 -1.160747 -0.070100 -0.852522
-0.043681 0.060342 -0.067649 0.108156 0.334850 -0.326548 -0.156031 -1.492374 -1.151034 -0.054459 -0.825104
-0.043531 0.061782 -0.067057 0.076021 0.341552 -0.312781 -0.178123 -1.494439 -1.141539 -0.037352 -0.797395
-0.043378 0.063240 -0.066771 0.046101 0.347840 -0.297535 -0.201833 -1.496982 -1.132393 -0.018241 -0.769145
-0.043208 0.064725 -0.066588 0.016355 0.354242 -0.285986 -0.226494 -1.499988 -1.123265 0.003568 -0.739437
-0.042966 0.066371 -0.066441 -0.013041 0.360583 -0.269983 -0.252693 -1.503510 -1.114125 0.026079 -0.710289
-0.042593 0.068152 -0.066289 -0.042140 0.366715 -0.259277 -0.279204 -1.507474 -1.105235 0.049750 -0.681459
-0.042056 0.070097 -0.066046 -0.070380 0.372644 -0.258055 -0.304156 -1.511737 -1.096758 0.073637 -0.653902
-0.041345 0.072274 -0.065588 -0.097188 0.378208 -0.259279 -0.328619 -1.516158 -1.088731 0.097816 -0.627370
-0.040463 0.074480 -0.065094 -0.122073 0.383379 -0.261875 -0.353004 -1.520662 -1.081255 0.121840 -0.602285
-0.039487 0.076665 -0.064393 -0.146735 0.388488 -0.270717 -0.372881 -1.524978 -1.074816 0.145154 -0.579323
-0.038464 0.078888 -0.063425 -0.171907 0.393667 -0.282451 -0.390072 -1.529182 -1.068930 0.167412 -0.558106
-0.037331 0.081148 -0.062394 -0.194541 0.398149 -0.292932 -0.405844 -1.533337 -1.063517 0.188100 -0.539244
-0.036136 0.083367 -0.061296 -0.215042 0.402015 -0.302775 -0.419292 -1.537464 -1.058537 0.206338 -0.523275
-0.034869 0.085444 -0.060298 -0.232921 0.405171 -0.311100 -0.430841 -1.541494 -1.054093 0.221603 -0.510611
-0.033577 0.087280 -0.059454 -0.247171 0.407531 -0.317328 -0.441789 -1.545325 -1.050047 0.234730 -0.500216
-0.032202 0.088786 -0.059071 -0.257650 0.409222 -0.321957 -0.451415 -1.549187 -1.046381 0.245809 -0.492294
-0.030867 0.089899 -0.059003 -0.266080 0.410643 -0.326480 -0.459504 -1.553068 -1.043157 0.254236 -0.486767
-0.029583 0.090592 -0.059403 -0.272344 0.411795 -0.331011 -0.466183 -1.557015 -1.040354 0.260030 -0.483614
-0.028363 0.090996 -0.060228 -0.276638 0.412796 -0.336092 -0.470884 -1.561223 -1.037863 0.263425 -0.482680
-0.027153 0.091132 -0.061682 -0.278440 0.413546 -0.340822 -0.473743 -1.565914 -1.035589 0.264499 -0.484055
-0.026031 0.091021 -0.063646 -0.277460 0.414073 -0.345068 -0.475337 -1.570996 -1.033581 0.263028 -0.487859
-0.025088 0.090693 -0.065902 -0.274372 0.414384 -0.349292 -0.475780 -1.576376 -1.032071 0.260023 -0.493405
-0.024296 0.090191 -0.068411 -0.269756 0.414557 -0.353396 -0.475501 -1.582003 -1.031195 0.255655 -0.500778
-0.023649 0.089557 -0.071095 -0.263890 0.414607 -0.357319 -0.474645 -1.587762 -1.030956 0.250114 -0.509719
-0.023144 0.088828 -0.073848 -0.257698 0.414679 -0.363733 -0.470490 -1.593594 -1.031287 0.243877 -0.519726
-0.022957 0.088019 -0.076784 -0.249051 0.414588 -0.370156 -0.464667 -1.599489 -1.032370 0.236144 -0.531702
-0.022996 0.087054 -0.080076 -0.237691 0.414077 -0.377015 -0.456517 -1.605555 -1.034109 0.228120 -0.545101
-0.023306 0.085938 -0.083867 -0.222604 0.412886 -0.383079 -0.446496 -1.611858 -1.036276 0.219992 -0.559655
-0.023897 0.084684 -0.088230 -0.203466 0.410753 -0.388456 -0.434320 -1.618449 -1.038981 0.211754 -0.575574
-0.024773 0.083309 -0.093147 -0.180015 0.407308 -0.389411 -0.422700 -1.625365 -1.042339 0.203389 -0.593024
-0.025719 0.081906 -0.098289 -0.155129 0.403044 -0.389369 -0.410504 -1.632477 -1.046366 0.196372 -0.610449
-0.026706 0.080596 -0.103682 -0.127751 0.397562 -0.387394 -0.397479 -1.639617 -1.050684 0.190005 -0.627816
-0.027687 0.079378 -0.109137 -0.098282 0.390915 -0.385396 -0.382649 -1.646830 -1.055606 0.183679 -0.646079
-0.028716 0.078402 -0.114786 -0.066443 0.383000 -0.381500 -0.366859 -1.654310 -1.061090 0.177582 -0.664968
-0.029762 0.077622 -0.120645 -0.032564 0.374001 -0.373378 -0.352715 -1.662030 -1.067018 0.171700 -0.684291
-0.030747 0.077114 -0.126395 0.002373 0.363422 -0.364366 -0.336795 -1.669831 -1.073505 0.165190 -0.704662
-0.031651 0.076996 -0.132071 0.037717 0.351545 -0.353359 -0.320222 -1.677826 -1.080658 0.157829 -0.726364
-0.032420 0.077265 -0.137392 0.072323 0.338519 -0.340480 -0.302998 -1.685815 -1.088413 0.150261 -0.748252
-0.032961 0.077763 -0.141928 0.104973 0.324894 -0.331368 -0.284002 -1.693395 -1.096594 0.142074 -0.770384
-0.033322 0.078615 -0.145536 0.136157 0.310396 -0.325833 -0.262376 -1.700464 -1.105101 0.133041 -0.792735
-0.033581 0.079701 -0.148575 0.167769 0.294945 -0.313845 -0.241599 -1.707041 -1.113341 0.123043 -0.815115
-0.033763 0.080887 -0.150998 0.197978 0.279428 -0.296299 -0.222385 -1.713135 -1.121347 0.112207 -0.837525
-0.033945 0.082211 -0.153140 0.227893 0.263593 -0.276255 -0.203171 -1.718584 -1.128384 0.101256 -0.858475
-0.034090 0.083514 -0.154942 0.257484 0.247467 -0.251327 -0.184032 -1.723313 -1.134495 0.090232 -0.878009
-0.034145 0.084756 -0.156383 0.286333 0.231525 -0.233969 -0.161878 -1.727426 -1.139779 0.077964 -0.898003
-0.034100 0.085814 -0.157503 0.314483 0.215798 -0.222450 -0.139013 -1.731742 -1.145402 0.067042 -0.916697
-0.033944 0.086627 -0.158237 0.343113 0.199758 -0.247312 -0.115784 -1.736268 -1.151254 0.057559 -0.933849
-0.033646 0.087152 -0.158531 0.371549 0.183907 -0.167800 -0.095537 -1.741203 -1.157630 0.048744 -0.950803
-0.033264 0.087486 -0.158607 0.400913 0.167789 -0.089493 -0.080946 -1.747092 -1.164770 0.041397 -0.966999
-0.032788 0.087440 -0.158571 0.430575 0.151891 0.015874 -0.069905 -1.754065 -1.172700 0.037358 -0.980339
-0.032262 0.087063 -0.158447 0.459843 0.136751 0.100723 -0.060669 -1.761410 -1.180586 0.034466 -0.992617
-0.031697 0.086371 -0.158278 0.489208 0.122212 0.171596 -0.052519 -1.769199 -1.188582 0.032562 -1.004158
-0.031084 0.085288 -0.157974 0.517646 0.108763 0.225305 -0.048665 -1.777468 -1.196973 0.031758 -1.015070
-0.030437 0.083853 -0.157511 0.545278 0.096485 0.270705 -0.047217 -1.785880 -1.205648 0.031417 -1.025841
-0.029869 0.082152 -0.156949 0.572915 0.084855 0.320526 -0.051099 -1.794505 -1.214467 0.032458 -1.035052
-0.029404 0.080302 -0.156106 0.598997 0.074717 0.374700 -0.059718 -1.802237 -1.221987 0.033305 -1.043008
-0.029086 0.078366 -0.154915 0.622720 0.066590 0.463515 -0.072307 -1.808779 -1.227985 0.033968 -1.049447
-0.028962 0.076428 -0.153477 0.644782 0.060186 0.447312 -0.084717 -1.814073 -1.232289 0.034542 -1.054142
-0.029054 0.074587 -0.151804 0.664123 0.056005 0.435814 -0.095766 -1.817729 -1.234549 0.034697 -1.057154
-0.029305 0.072931 -0.149928 0.680021 0.054332 0.396579 -0.106162 -1.819311 -1.234584 0.032957 -1.060058
-0.029695 0.071475 -0.147786 0.693538 0.054447 0.370845 -0.115206 -1.819674 -1.233671 0.030732 -1.062370
-0.030190 0.070243 -0.145548 0.704437 0.056230 0.351374 -0.122899 -1.818970 -1.231952 0.028070 -1.064190
-0.030768 0.069263 -0.143303 0.712905 0.059372 0.346065 -0.128289 -1.816957 -1.228869 0.024550 -1.065697
-0.031402 0.068484 -0.141188 0.718495 0.063845 0.341343 -0.132228 -1.814098 -1.224649 0.020519 -1.066865
-0.032066 0.067916 -0.138502 0.721067 0.069937 0.338010 -0.134532 -1.809962 -1.219680 0.016204 -1.067490
-0.032749 0.067489 -0.135630 0.721001 0.077182 0.337136 -0.135053 -1.804881 -1.214093 0.011801 -1.067607
-0.033426 0.067146 -0.132662 0.718754 0.085211 0.342349 -0.133470 -1.798422 -1.207323 0.006589 -1.067687
-0.034058 0.066876 -0.129006 0.712959 0.094616 0.346197 -0.131042 -1.790918 -1.200569 0.001992 -1.066760
-0.034628 0.066611 -0.124550 0.703913 0.105141 0.351143 -0.127648 -1.781823 -1.193480 -0.002339 -1.064879
-0.035131 0.066278 -0.119741 0.691643 0.116409 0.355783 -0.123659 -1.771626 -1.186020 -0.006297 -1.062120
-0.035547 0.065890 -0.114647 0.676479 0.128136 0.357234 -0.119611 -1.760498 -1.178154 -0.009476 -1.058069
-0.035867 0.065422 -0.108781 0.657381 0.140757 0.352197 -0.115749 -1.748247 -1.170090 -0.011459 -1.052285
-0.036108 0.064839 -0.102451 0.635484 0.153723 0.346756 -0.111159 -1.734886 -1.161624 -0.013135 -1.045623
-0.036279 0.064198 -0.095642 0.610915 0.166950 0.339978 -0.105885 -1.720889 -1.153171 -0.013590 -1.037453
-0.036371 0.063517 -0.088986 0.583983 0.179933 0.331979 -0.099687 -1.706203 -1.144292 -0.013346 -1.028210
-0.036360 0.062868 -0.082006 0.554474 0.192930 0.320772 -0.092914 -1.690671 -1.135100 -0.012849 -1.018295
-0.036230 0.062382 -0.074799 0.521884 0.206015 0.301821 -0.085771 -1.674655 -1.126193 -0.010826 -1.006861
-0.035991 0.062110 -0.067886 0.487177 0.218506 0.275030 -0.077761 -1.657811 -1.116590 -0.008426 -0.994740
-0.035633 0.062161 -0.061237 0.450498 0.230317 0.225837 -0.068784 -1.640299 -1.106634 -0.005676 -0.982157
-0.035189 0.062590 -0.054421 0.411861 0.241722 0.063768 -0.059582 -1.622177 -1.096767 -0.001961 -0.968772
-0.034698 0.063341 -0.047550 0.370438 0.252815 -0.052845 -0.051886 -1.602950 -1.086673 0.002487 -0.954709
-0.034224 0.064452 -0.041062 0.328343 0.262988 -0.143972 -0.045974 -1.583128 -1.076426 0.007397 -0.940570
-0.033765 0.065957 -0.034648 0.284886 0.272696 -0.224434 -0.043017 -1.562932 -1.066732 0.013907 -0.925667
-0.033312 0.067772 -0.028251 0.240167 0.281970 -0.297264 -0.043005 -1.541798 -1.057065 0.021278 -0.910526
-0.032867 0.069925 -0.022054 0.194416 0.290759 -0.364513 -0.046464 -1.520032 -1.047562 0.029711 -0.895098
-0.032457 0.072411 -0.016343 0.148599 0.298891 -0.423724 -0.054223 -1.497539 -1.037952 0.039669 -0.878943
-0.032061 0.075114 -0.010902 0.102174 0.306618 -0.479942 -0.065789 -1.474231 -1.028358 0.050374 -0.862748
-0.031708 0.077942 -0.005801 0.055370 0.313994 -0.527939 -0.081195 -1.450023 -1.018683 0.061768 -0.846565
-0.031445 0.080852 -0.001285 0.008491 0.321054 -0.554248 -0.100738 -1.425153 -1.009015 0.074103 -0.830279
-0.031256 0.083752 0.002765 -0.038315 0.327870 -0.467089 -0.123816 -1.399365 -0.999074 0.086943 -0.814148
-0.031105 0.086677 0.006412 -0.084269 0.334221 -0.423801 -0.146916 -1.373690 -0.989526 0.099841 -0.798818
-0.030953 0.089594 0.009635 -0.129960 0.340467 -0.398782 -0.171115 -1.347223 -0.979472 0.112738 -0.783849
-0.030766 0.092514 0.012506 -0.175354 0.346707 -0.383431 -0.196108 -1.319938 -0.968799 0.125227 -0.769356
-0.030528 0.095464 0.015086 -0.220442 0.353038 -0.373353 -0.221892 -1.292498 -0.957796 0.136850 -0.755639
-0.030238 0.098335 0.017454 -0.265166 0.359541 -0.367453 -0.248134 -1.265613 -0.946804 0.147399 -0.742830
-0.029910 0.101060 0.019808 -0.310388 0.366359 -0.366961 -0.275268 -1.237313 -0.935119 0.157993 -0.730409
-0.029605 0.103571 0.022022 -0.355099 0.373508 -0.367138 -0.302671 -1.208322 -0.923125 0.169009 -0.718601
-0.029334 0.105825 0.024107 -0.399304 0.381066 -0.367657 -0.330183 -1.178829 -0.910917 0.180976 -0.707422
-0.029091 0.107789 0.026119 -0.443042 0.389085 -0.368330 -0.357641 -1.148423 -0.898233 0.194576 -0.696557
-0.028890 0.109559 0.028067 -0.486391 0.397625 -0.369137 -0.384857 -1.116575 -0.884786 0.210199 -0.685848
-0.028733 0.111097 0.029849 -0.530052 0.407024 -0.370204 -0.411317 -1.083927 -0.870921 0.227340 -0.675608
-0.028615 0.112481 0.031703 -0.573475 0.416896 -0.371462 -0.437199 -1.051049 -0.857334 0.245985 -0.665920
-0.028549 0.113751 0.033667 -0.616707 0.427201 -0.372754 -0.462411 -1.018630 -0.844451 0.266957 -0.656160
-0.028535 0.114862 0.035789 -0.658850 0.437623 -0.374112 -0.486457 -0.985044 -0.831647 0.287807 -0.647352
-0.028566 0.115787 0.038072 -0.699154 0.447905 -0.375583 -0.508951 -0.950319 -0.818842 0.308228 -0.639372
-0.028596 0.116551 0.040602 -0.739326 0.458800 -0.377906 -0.530261 -0.915641 -0.806486 0.328272 -0.631727
-0.028585 0.117186 0.043232 -0.779278 0.470228 -0.380614 -0.550536 -0.881301 -0.794281 0.348685 -0.623517
-0.028467 0.117655 0.045995 -0.818947 0.482276 -0.383782 -0.569679 -0.845804 -0.781545 0.367057 -0.615643
-0.028188 0.117960 0.048845 -0.859191 0.495191 -0.387382 -0.588041 -0.810519 -0.769019 0.385657 -0.607084
-0.027697 0.118060 0.051777 -0.900683 0.509141 -0.391359 -0.605854 -0.775212 -0.756803 0.404561 -0.597887
-0.026971 0.117916 0.054742 -0.940794 0.523520 -0.393611 -0.624331 -0.739301 -0.744622 0.422891 -0.588382
-0.026013 0.117405 0.057700 -0.979542 0.538100 -0.396068 -0.641497 -0.701996 -0.732001 0.437749 -0.579875
-0.024795 0.116545 0.060679 -1.016255 0.552354 -0.397023 -0.658527 -0.663161 -0.719009 0.450774 -0.571567
-0.023379 0.115429 0.063603 -1.051020 0.566199 -0.396465 -0.675655 -0.623723 -0.705883 0.464625 -0.561998
-0.021808 0.114048 0.066560 -1.086592 0.581518 -0.396596 -0.692694 -0.582931 -0.692274 0.477854 -0.551837
-0.020014 0.112530 0.069422 -1.121376 0.597807 -0.397882 -0.707962 -0.541722 -0.678656 0.490988 -0.541023
-0.017960 0.110957 0.072397 -1.155706 0.614882 -0.399391 -0.722584 -0.500164 -0.665234 0.504782 -0.529586
-0.015719 0.109419 0.075396 -1.190720 0.633757 -0.404380 -0.734834 -0.458948 -0.652259 0.519793 -0.516889
-0.013275 0.107933 0.078547 -1.226369 0.654497 -0.411087 -0.745603 -0.417216 -0.639342 0.532914 -0.504143
-0.010634 0.106641 0.081786 -1.259536 0.675726 -0.417133 -0.755518 -0.375833 -0.626729 0.546048 -0.490590
-0.007929 0.105529 0.085197 -1.291868 0.697939 -0.422631 -0.765297 -0.334080 -0.613788 0.558335 -0.476016
-0.005173 0.104696 0.088662 -1.324613 0.722121 -0.427752 -0.775441 -0.291906 -0.600408 0.573194 -0.458806
-0.002412 0.104011 0.092223 -1.357802 0.748273 -0.432397 -0.785589 -0.250505 -0.586894 0.587679 -0.440929
0.000403 0.103436 0.095945 -1.392098 0.776875 -0.438194 -0.795034 -0.209098 -0.573004 0.602453 -0.422066
0.003313 0.103060 0.099739 -1.425471 0.806248 -0.442844 -0.804393 -0.167749 -0.558883 0.619247 -0.401485
0.006217 0.102724 0.103663 -1.457782 0.836360 -0.447252 -0.813457 -0.126498 -0.544503 0.637474 -0.380178
0.009003 0.102332 0.107681 -1.488774 0.867267 -0.452341 -0.822069 -0.084499 -0.529471 0.651998 -0.359507
0.011741 0.101909 0.111786 -1.517180 0.897836 -0.452409 -0.832469 -0.041761 -0.513821 0.668294 -0.338073
0.014359 0.101400 0.115864 -1.542139 0.927595 -0.448999 -0.843481 0.000825 -0.497992 0.686139 -0.316508
0.016789 0.100635 0.119983 -1.565932 0.957729 -0.444355 -0.854255 0.043254 -0.482008 0.704149 -0.295864
0.019112 0.099695 0.124117 -1.588638 0.988031 -0.437456 -0.864904 0.085501 -0.466086 0.723876 -0.275673
0.021365 0.098520 0.128364 -1.609271 1.017207 -0.427470 -0.875189 0.125971 -0.450993 0.750232 -0.256270
0.023500 0.097140 0.132668 -1.628845 1.046294 -0.418046 -0.884039 0.167094 -0.435761 0.778653 -0.237529
0.025522 0.095576 0.137015 -1.647048 1.074528 -0.407772 -0.892179 0.207277 -0.420998 0.808434 -0.220283
0.027391 0.093839 0.141321 -1.663692 1.101335 -0.397027 -0.899500 0.245669 -0.406981 0.838445 -0.204677
0.029059 0.091948 0.145457 -1.678536 1.126049 -0.385141 -0.906143 0.281576 -0.393949 0.867346 -0.191034
0.030573 0.089945 0.149565 -1.692839 1.150515 -0.370084 -0.912397 0.317569 -0.380859 0.900523 -0.177874
0.031829 0.087837 0.153699 -1.706122 1.173458 -0.353903 -0.917699 0.351938 -0.368306 0.928165 -0.166800
0.032792 0.085642 0.157932 -1.718989 1.195734 -0.337079 -0.922102 0.385961 -0.355519 0.955808 -0.156767
0.033490 0.083382 0.162392 -1.731625 1.217433 -0.319433 -0.925559 0.420204 -0.342102 0.983829 -0.147557
0.033964 0.081084 0.167232 -1.744220 1.238751 -0.301791 -0.927870 0.454985 -0.327673 1.014568 -0.138697
0.034176 0.078828 0.172130 -1.756064 1.258609 -0.286072 -0.929138 0.488695 -0.312932 1.042513 -0.130716
0.034205 0.076686 0.176905 -1.766838 1.276635 -0.271315 -0.929779 0.520199 -0.298297 1.082459 -0.122951
0.034059 0.074687 0.181407 -1.776557 1.292795 -0.257082 -0.930002 0.549745 -0.283817 1.128241 -0.115407
0.033774 0.072832 0.185583 -1.785483 1.307540 -0.243445 -0.929992 0.577745 -0.269401 1.185725 -0.107744
0.033420 0.071174 0.189366 -1.793875 1.321352 -0.230486 -0.929865 0.604587 -0.255100 1.227681 -0.099995
0.033013 0.069736 0.192623 -1.800627 1.332404 -0.219370 -0.929566 0.627313 -0.242270 1.253248 -0.092966
0.032620 0.068502 0.195430 -1.806338 1.341884 -0.210335 -0.929238 0.646738 -0.230799 1.271390 -0.086397
0.032140 0.067409 0.197813 -1.810807 1.348924 -0.203347 -0.928900 0.662436 -0.220880 1.277187 -0.080704
0.031594 0.066434 0.199385 -1.813906 1.353335 -0.198095 -0.928008 0.673238 -0.213441 1.279724 -0.076025
0.030876 0.065464 0.199781 -1.813823 1.354861 -0.193476 -0.927420 0.678409 -0.209158 1.280708 -0.072640
0.029970 0.064384 0.199137 -1.811449 1.355006 -0.188445 -0.926976 0.680065 -0.207204 1.283543 -0.070137
0.028813 0.063092 0.197410 -1.806652 1.353453 -0.182401 -0.926564 0.678049 -0.207780 1.279707 -0.068744
0.027511 0.061581 0.194530 -1.799358 1.350664 -0.175490 -0.926029 0.672311 -0.210984 1.277504 -0.068309
0.026059 0.059866 0.190859 -1.789467 1.346447 -0.168098 -0.925815 0.663817 -0.216176 1.277023 -0.068680
0.024536 0.057986 0.186764 -1.778397 1.340672 -0.160602 -0.925256 0.652108 -0.223306 1.284644 -0.070013
0.022977 0.055989 0.182344 -1.766145 1.333184 -0.153722 -0.924024 0.637898 -0.231849 1.300418 -0.071967
0.021243 0.053844 0.177154 -1.752742 1.324221 -0.147936 -0.922015 0.621783 -0.241440 1.322089 -0.074252
0.019490 0.051693 0.171151 -1.738044 1.313885 -0.143107 -0.919150 0.601937 -0.252966 1.348425 -0.077197
0.017700 0.049631 0.164617 -1.722286 1.302540 -0.140674 -0.915852 0.578347 -0.266086 1.373325 -0.081022
0.015891 0.047717 0.157582 -1.707104 1.290148 -0.142551 -0.911050 0.551760 -0.280307 1.388637 -0.085582
0.014090 0.046028 0.150210 -1.692769 1.276880 -0.148226 -0.904943 0.522423 -0.295301 1.391849 -0.090940
0.012480 0.044679 0.143072 -1.679497 1.262657 -0.157426 -0.897574 0.489373 -0.311349 1.378952 -0.097405
0.010974 0.043678 0.136510 -1.667725 1.247525 -0.170436 -0.888972 0.454805 -0.327424 1.347787 -0.104778
0.009549 0.042988 0.130124 -1.657517 1.231639 -0.186093 -0.878642 0.417900 -0.344068 1.296243 -0.113348
0.008158 0.042592 0.123829 -1.647705 1.215507 -0.204323 -0.867181 0.379697 -0.360944 1.244154 -0.122935
0.006765 0.042476 0.117504 -1.638367 1.199391 -0.224432 -0.854951 0.338961 -0.378645 1.191255 -0.133960
0.005523 0.042734 0.111553 -1.629511 1.183057 -0.245027 -0.842226 0.296120 -0.397045 1.137321 -0.146431
0.004419 0.043300 0.105887 -1.621137 1.166671 -0.266936 -0.828949 0.252821 -0.415366 1.085378 -0.159876
0.003479 0.044156 0.100610 -1.613121 1.149773 -0.289428 -0.815305 0.210008 -0.433199 1.030166 -0.174197
0.002771 0.045364 0.096030 -1.605740 1.132657 -0.311167 -0.801761 0.168017 -0.450373 0.978238 -0.189010
0.002300 0.046903 0.092120 -1.599020 1.115434 -0.331740 -0.788326 0.127727 -0.466621 0.928984 -0.204023
0.001893 0.048725 0.088492 -1.592996 1.098810 -0.351765 -0.775159 0.091370 -0.481006 0.886570 -0.218322
0.001518 0.050803 0.085052 -1.587655 1.082624 -0.371473 -0.762424 0.055392 -0.494589 0.848732 -0.232560
0.001194 0.053143 0.082000 -1.583164 1.067187 -0.390463 -0.750324 0.020042 -0.507199 0.813944 -0.246391
0.000816 0.055625 0.079053 -1.579290 1.052354 -0.409052 -0.739049 -0.015401 -0.518827 0.782924 -0.259824
0.000348 0.058193 0.076147 -1.575994 1.038228 -0.427724 -0.728701 -0.050678 -0.529109 0.754945 -0.272589
-0.000219 0.060777 0.073412 -1.573313 1.024490 -0.447360 -0.719149 -0.087041 -0.538329 0.728637 -0.284977
-0.000913 0.063368 0.070910 -1.571308 1.011448 -0.464874 -0.711006 -0.121925 -0.546126 0.703928 -0.296346
-0.001783 0.065914 0.068515 -1.569945 0.999314 -0.480363 -0.704504 -0.155172 -0.552571 0.681364 -0.306701
-0.002815 0.068394 0.066269 -1.569207 0.988081 -0.493972 -0.699570 -0.187251 -0.558072 0.659834 -0.316349
-0.004008 0.070771 0.064236 -1.569137 0.977828 -0.506354 -0.696245 -0.218606 -0.562987 0.638937 -0.325680
-0.005312 0.073009 0.062406 -1.569610 0.968333 -0.516977 -0.694394 -0.249703 -0.567643 0.618442 -0.334826
-0.006731 0.075030 0.060771 -1.570837 0.960076 -0.525204 -0.694234 -0.278178 -0.571527 0.600245 -0.343490
-0.008241 0.076756 0.059335 -1.572877 0.953126 -0.531831 -0.695645 -0.303771 -0.574707 0.583814 -0.351820
-0.009743 0.078203 0.058296 -1.575864 0.947429 -0.535822 -0.698569 -0.325535 -0.577202 0.569559 -0.359581
-0.011174 0.079369 0.057706 -1.579832 0.942964 -0.537109 -0.702639 -0.342594 -0.578997 0.557541 -0.366581
-0.012515 0.080204 0.057580 -1.584961 0.940108 -0.535149 -0.708284 -0.354166 -0.580141 0.547726 -0.372819
-0.013674 0.080731 0.057960 -1.591070 0.938506 -0.532142 -0.714890 -0.362419 -0.581021 0.538763 -0.378723
-0.014582 0.080997 0.058900 -1.598175 0.938195 -0.527829 -0.722302 -0.367426 -0.581712 0.530896 -0.384118
-0.015240 0.080990 0.060297 -1.606185 0.939240 -0.522877 -0.730422 -0.369175 -0.582136 0.523835 -0.389058
-0.015617 0.080731 0.062210 -1.615082 0.941597 -0.516970 -0.739379 -0.367770 -0.582334 0.517860 -0.393315
-0.015725 0.080271 0.064624 -1.624905 0.945214 -0.511097 -0.748703 -0.363257 -0.582226 0.512286 -0.397129
-0.015542 0.079687 0.067577 -1.635494 0.950031 -0.504806 -0.758355 -0.355818 -0.581840 0.507782 -0.400065
-0.015083 0.079040 0.071078 -1.646522 0.955597 -0.497632 -0.768255 -0.345490 -0.581124 0.503994 -0.402200
-0.014416 0.078380 0.074979 -1.658100 0.962331 -0.490139 -0.778346 -0.332526 -0.579980 0.501356 -0.403394
-0.013609 0.077723 0.079152 -1.670077 0.970196 -0.481934 -0.788840 -0.317009 -0.578304 0.499720 -0.403767
-0.012638 0.077204 0.083788 -1.682284 0.978989 -0.472871 -0.799538 -0.299077 -0.576169 0.499581 -0.402988
-0.011578 0.076823 0.088829 -1.694506 0.988236 -0.462963 -0.810312 -0.278797 -0.573438 0.500400 -0.401392
-0.010479 0.076569 0.094219 -1.707108 0.998662 -0.453303 -0.821084 -0.256286 -0.569997 0.502335 -0.398931
-0.009347 0.076443 0.100045 -1.719781 1.009726 -0.443429 -0.831831 -0.231667 -0.565799 0.505140 -0.395632
-0.008194 0.076449 0.106344 -1.732237 1.020859 -0.433216 -0.842217 -0.205039 -0.560712 0.508735 -0.391465
-0.007102 0.076449 0.112804 -1.744524 1.032614 -0.422372 -0.852739 -0.176668 -0.554572 0.513240 -0.386468
-0.006109 0.076423 0.119225 -1.756568 1.045017 -0.412190 -0.862947 -0.146769 -0.547236 0.518887 -0.380653
-0.005219 0.076244 0.125750 -1.768100 1.057226 -0.401473 -0.872927 -0.116120 -0.539013 0.527422 -0.373644
-0.004401 0.075861 0.132545 -1.779161 1.069606 -0.391237 -0.882633 -0.084027 -0.529593 0.536956 -0.365907
-0.003623 0.075233 0.139734 -1.789980 1.082429 -0.381446 -0.892084 -0.050743 -0.519103 0.547764 -0.357422
-0.002931 0.074249 0.147001 -1.800240 1.095420 -0.372349 -0.900912 -0.016414 -0.507369 0.560196 -0.348304
-0.002317 0.072867 0.154311 -1.810216 1.108930 -0.363833 -0.909351 0.018608 -0.494529 0.572020 -0.339047
-0.001761 0.071121 0.161658 -1.819663 1.123004 -0.355822 -0.917408 0.054767 -0.480235 0.583741 -0.329446
-0.001294 0.069020 0.168879 -1.828387 1.137053 -0.347206 -0.925093 0.091142 -0.464889 0.597808 -0.319281
-0.000932 0.066614 0.175885 -1.836490 1.151499 -0.338976 -0.932393 0.127571 -0.448455 0.614196 -0.308674
-0.000618 0.064082 0.182991 -1.843834 1.165490 -0.330296 -0.939295 0.163900 -0.431140 0.632582 -0.297687
-0.000362 0.061471 0.190516 -1.850413 1.178716 -0.319905 -0.946031 0.199591 -0.413296 0.655288 -0.286333
-0.000210 0.058975 0.197855 -1.856749 1.192400 -0.310493 -0.952359 0.235418 -0.394507 0.678245 -0.275250
-0.000258 0.056665 0.205065 -1.862694 1.205363 -0.300096 -0.958274 0.270586 -0.375069 0.703099 -0.264123
-0.000526 0.054606 0.212039 -1.868111 1.217026 -0.288736 -0.963695 0.304926 -0.355122 0.729745 -0.252973
-0.001030 0.052847 0.218749 -1.873208 1.227651 -0.276797 -0.968697 0.337777 -0.335086 0.761015 -0.241756
-0.001734 0.051463 0.225194 -1.877970 1.237411 -0.264525 -0.973322 0.370106 -0.314357 0.797732 -0.229757
-0.002626 0.050444 0.231543 -1.882009 1.244747 -0.250070 -0.977600 0.400676 -0.293744 0.837958 -0.217517
-0.003615 0.049824 0.237593 -1.885655 1.250727 -0.235514 -0.981508 0.429981 -0.273248 0.879477 -0.205393
-0.004700 0.049593 0.243232 -1.888998 1.255377 -0.220568 -0.985110 0.457892 -0.253174 0.922392 -0.193517
-0.005861 0.049688 0.248328 -1.892119 1.258833 -0.205599 -0.988409 0.484846 -0.233480 0.962622 -0.181871
-0.007069 0.050048 0.252556 -1.895010 1.261305 -0.191577 -0.991328 0.510484 -0.214686 1.000819 -0.170945
-0.008275 0.050572 0.256213 -1.897648 1.262732 -0.177623 -0.994083 0.534533 -0.197106 1.040210 -0.160392
-0.009435 0.051235 0.259011 -1.899897 1.263249 -0.164295 -0.996734 0.556730 -0.181077 1.080900 -0.150232
-0.010516 0.051990 0.260970 -1.901736 1.263104 -0.151864 -0.999323 0.576885 -0.166761 1.122085 -0.140605
-0.011506 0.052808 0.262027 -1.903220 1.262591 -0.140779 -1.001821 0.595212 -0.154057 1.159843 -0.131748
-0.012434 0.053640 0.262211 -1.904092 1.261170 -0.130503 -1.004332 0.611031 -0.143700 1.198036 -0.123669
-0.013316 0.054465 0.261283 -1.904573 1.259612 -0.122529 -1.006650 0.624463 -0.135636 1.235550 -0.116363
-0.014174 0.055208 0.259524 -1.904635 1.257718 -0.116428 -1.008727 0.635458 -0.129847 1.272223 -0.109922
-0.015013 0.055842 0.256918 -1.904146 1.255357 -0.112151 -1.010481 0.643949 -0.126372 1.307983 -0.104255
-0.015833 0.056373 0.253579 -1.902928 1.252333 -0.109333 -1.011896 0.649477 -0.125476 1.346901 -0.099362
-0.016648 0.056859 0.249569 -1.901032 1.248823 -0.107923 -1.012887 0.652441 -0.126623 1.382538 -0.095111
-0.017472 0.057359 0.244991 -1.898196 1.244529 -0.107478 -1.013463 0.652540 -0.129899 1.413496 -0.091791
-0.018283 0.057934 0.239879 -1.894662 1.240097 -0.108093 -1.013608 0.649792 -0.135198 1.437622 -0.089440
-0.019054 0.058591 0.234581 -1.890535 1.235573 -0.110253 -1.012952 0.644512 -0.142274 1.454594 -0.088035
-0.019774 0.059323 0.229347 -1.885934 1.230966 -0.113568 -1.011595 0.636886 -0.150964 1.464157 -0.087577
-0.020515 0.060211 0.223907 -1.880008 1.225889 -0.117581 -1.009713 0.626476 -0.161260 1.463980 -0.088343
-0.021248 0.061226 0.218541 -1.872473 1.219962 -0.121062 -1.007753 0.614134 -0.172586 1.457221 -0.090077
-0.022049 0.062438 0.213148 -1.863126 1.213097 -0.124563 -1.005354 0.599571 -0.184915 1.442453 -0.092835
-0.022967 0.063952 0.207510 -1.851698 1.205321 -0.127187 -1.002930 0.582647 -0.198131 1.425336 -0.096629
-0.024036 0.065865 0.201418 -1.837999 1.196728 -0.129112 -1.000398 0.563372 -0.212039 1.400152 -0.101539
-0.025186 0.068123 0.195237 -1.822741 1.187878 -0.130772 -0.997600 0.542223 -0.226390 1.369593 -0.107440
-0.026422 0.070735 0.188765 -1.806150 1.179269 -0.133113 -0.994136 0.518907 -0.241191 1.333989 -0.114367
-0.027647 0.073678 0.182400 -1.787803 1.170177 -0.135319 -0.990300 0.494072 -0.256045 1.295919 -0.122147
-0.028856 0.076949 0.175987 -1.767591 1.160449 -0.136697 -0.986456 0.467886 -0.270810 1.252717 -0.130872
-0.030035 0.080557 0.169420 -1.745292 1.149874 -0.137422 -0.982447 0.440438 -0.285371 1.209241 -0.140176
-0.031084 0.084414 0.163066 -1.722118 1.139204 -0.138346 -0.977900 0.412089 -0.299470 1.165560 -0.149896
-0.032012 0.088518 0.156924 -1.698239 1.128447 -0.139376 -0.972966 0.383075 -0.313136 1.121667 -0.159886
-0.032852 0.092816 0.150792 -1.674097 1.118018 -0.140653 -0.967494 0.353441 -0.326174 1.078308 -0.170048
-0.033582 0.097186 0.144902 -1.650001 1.108014 -0.142965 -0.961066 0.323428 -0.338446 1.029813 -0.180356
-0.034180 0.101488 0.139480 -1.626343 1.098570 -0.146183 -0.953795 0.293329 -0.349870 0.982415 -0.190651
-0.034721 0.105705 0.134208 -1.602253 1.088904 -0.149549 -0.945931 0.263125 -0.360476 0.936560 -0.200816
-0.035192 0.109801 0.129162 -1.578267 1.079327 -0.153794 -0.936989 0.233319 -0.370025 0.892849 -0.210646
-0.035623 0.113647 0.124259 -1.554017 1.069495 -0.158146 -0.927475 0.203693 -0.378735 0.850606 -0.220155
-0.036020 0.117219 0.119443 -1.529575 1.059407 -0.162482 -0.917442 0.174331 -0.386683 0.813647 -0.229069
-0.036397 0.120496 0.114619 -1.504956 1.049017 -0.166646 -0.906956 0.145313 -0.393917 0.778016 -0.237625
-0.036773 0.123471 0.109731 -1.480064 1.038252 -0.170456 -0.896171 0.116718 -0.400526 0.743850 -0.245868
-0.037153 0.126134 0.104730 -1.454544 1.026922 -0.174237 -0.884870 0.087624 -0.406827 0.709624 -0.254163
-0.037503 0.128495 0.099764 -1.428697 1.015356 -0.177860 -0.873435 0.059129 -0.412596 0.677117 -0.262203
-0.037801 0.130537 0.094854 -1.402575 1.003709 -0.181583 -0.861859 0.031341 -0.417859 0.646394 -0.269984
-0.038023 0.132272 0.090053 -1.376111 0.991986 -0.185367 -0.850235 0.004663 -0.422610 0.616662 -0.277766
-0.038150 0.133697 0.085486 -1.349995 0.980479 -0.189250 -0.838771 -0.021115 -0.426945 0.588559 -0.285270
-0.038183 0.134806 0.081235 -1.324216 0.968943 -0.191606 -0.828593 -0.045482 -0.430804 0.562371 -0.292335
-0.038130 0.135649 0.077077 -1.298250 0.957140 -0.193638 -0.818376 -0.068861 -0.434321 0.537933 -0.299125
-0.038015 0.136261 0.073011 -1.271999 0.944955 -0.195144 -0.808215 -0.090974 -0.437475 0.515528 -0.305562
-0.037861 0.136672 0.069140 -1.246147 0.932772 -0.196226 -0.798288 -0.111804 -0.440283 0.496053 -0.311255
-0.037673 0.136919 0.065306 -1.220664 0.920752 -0.198618 -0.787280 -0.131636 -0.442753 0.480537 -0.315761
-0.037464 0.137051 0.061278 -1.194425 0.908494 -0.201588 -0.775434 -0.150391 -0.444827 0.467365 -0.319856
-0.037232 0.137102 0.057354 -1.168055 0.896128 -0.204643 -0.763600 -0.168095 -0.446605 0.455794 -0.323593
-0.036964 0.137116 0.053577 -1.141658 0.883565 -0.207702 -0.751756 -0.184961 -0.448145 0.445384 -0.327067
-0.036662 0.137122 0.049842 -1.114736 0.870435 -0.210767 -0.739612 -0.201648 -0.449541 0.436426 -0.330153
-0.036325 0.137153 0.046113 -1.086348 0.856054 -0.212212 -0.727854 -0.217217 -0.450716 0.426893 -0.333936
-0.035953 0.137200 0.042462 -1.056975 0.840718 -0.213560 -0.715559 -0.231938 -0.451737 0.418037 -0.337670
-0.035585 0.137284 0.038908 -1.027807 0.825313 -0.215391 -0.703010 -0.245457 -0.452538 0.410051 -0.341345
-0.035243 0.137414 0.035402 -0.998868 0.809996 -0.217998 -0.690133 -0.258029 -0.453158 0.402559 -0.345134
-0.034933 0.137594 0.031845 -0.969623 0.794591 -0.221734 -0.676591 -0.269558 -0.453566 0.394741 -0.349477
-0.034670 0.137811 0.028446 -0.940631 0.779270 -0.224862 -0.663963 -0.279894 -0.453779 0.385597 -0.354634
-0.034459 0.138068 0.025238 -0.912924 0.764590 -0.228728 -0.651454 -0.288712 -0.453769 0.377395 -0.359762
-0.034295 0.138344 0.022069 -0.885455 0.749859 -0.232929 -0.638569 -0.296451 -0.453569 0.370010 -0.364923
-0.034191 0.138622 0.018932 -0.858241 0.735125 -0.237581 -0.625277 -0.302868 -0.453108 0.363694 -0.369981
-0.034153 0.138901 0.015900 -0.831781 0.720719 -0.242623 -0.611886 -0.307741 -0.452364 0.358589 -0.374779
-0.034193 0.139174 0.012823 -0.805971 0.706802 -0.250104 -0.597156 -0.311667 -0.451363 0.355998 -0.378638
-0.034293 0.139423 0.009787 -0.780874 0.693370 -0.259659 -0.581646 -0.314584 -0.450085 0.353908 -0.382365
-0.034435 0.139677 0.006699 -0.755857 0.680097 -0.270267 -0.565803 -0.316565 -0.448481 0.352316 -0.385876
-0.034598 0.139925 0.003551 -0.730833 0.666892 -0.281575 -0.549701 -0.317764 -0.446566 0.351289 -0.389026
-0.034761 0.140167 0.000357 -0.705751 0.653660 -0.293368 -0.533380 -0.318261 -0.444333 0.350845 -0.391671
-0.034905 0.140406 -0.002844 -0.680057 0.640001 -0.305333 -0.516592 -0.317954 -0.441757 0.350681 -0.393953
-0.035029 0.140662 -0.006105 -0.653801 0.625885 -0.316063 -0.499808 -0.316983 -0.438844 0.351064 -0.395652
-0.035120 0.140912 -0.009293 -0.628076 0.611908 -0.326657 -0.482957 -0.315448 -0.435695 0.351767 -0.396803
-0.035183 0.141167 -0.012432 -0.602418 0.597579 -0.336796 -0.465504 -0.313231 -0.432223 0.352884 -0.397304
-0.035211 0.141419 -0.015491 -0.576905 0.582773 -0.346099 -0.447305 -0.310339 -0.428459 0.354468 -0.397140
-0.035196 0.141676 -0.018428 -0.552135 0.567765 -0.354442 -0.428469 -0.306806 -0.424378 0.356433 -0.396185
-0.035144 0.141936 -0.021282 -0.527128 0.551883 -0.360826 -0.409058 -0.302761 -0.420047 0.359050 -0.394421
-0.035065 0.142203 -0.024002 -0.502430 0.535349 -0.365922 -0.388865 -0.298276 -0.415533 0.362316 -0.391893
-0.034955 0.142469 -0.026373 -0.478258 0.518297 -0.371032 -0.367597 -0.293214 -0.410850 0.366127 -0.388579
-0.034825 0.142738 -0.028336 -0.454669 0.500808 -0.377229 -0.345257 -0.287532 -0.405986 0.370272 -0.384566
-0.034700 0.143017 -0.029986 -0.431658 0.482961 -0.384817 -0.321878 -0.281323 -0.400948 0.374951 -0.379797
-0.034593 0.143275 -0.031213 -0.409731 0.465065 -0.395875 -0.297239 -0.274403 -0.395688 0.379668 -0.374408
-0.034503 0.143506 -0.031980 -0.387876 0.446545 -0.410953 -0.271290 -0.266488 -0.389970 0.384632 -0.368175
-0.034442 0.143708 -0.032348 -0.366394 0.427785 -0.428993 -0.244900 -0.257894 -0.383956 0.389467 -0.361371
-0.034420 0.143884 -0.032354 -0.345151 0.408895 -0.449378 -0.218389 -0.248653 -0.377628 0.394247 -0.353967
-0.034433 0.144024 -0.031911 -0.324017 0.389936 -0.465938 -0.192740 -0.238750 -0.370974 0.398776 -0.346016
-0.034475 0.144146 -0.031019 -0.302815 0.370981 -0.483332 -0.167866 -0.228274 -0.363984 0.403234 -0.337513
-0.034550 0.144245 -0.029717 -0.281553 0.352011 -0.502528 -0.143764 -0.217443 -0.356805 0.407453 -0.328693
-0.034661 0.144356 -0.028236 -0.259951 0.333067 -0.518547 -0.121385 -0.206132 -0.349314 0.411796 -0.319379
-0.034797 0.144470 -0.026659 -0.238411 0.314446 -0.530252 -0.101208 -0.194670 -0.341720 0.416268 -0.309824
-0.034941 0.144579 -0.025015 -0.217414 0.296550 -0.560619 -0.082988 -0.182799 -0.333951 0.418952 -0.300726
-0.035070 0.144621 -0.023162 -0.197436 0.279774 -0.659959 -0.067512 -0.170857 -0.326239 0.423191 -0.291063
-0.035187 0.144608 -0.021326 -0.178449 0.264140 -0.725370 -0.055757 -0.158512 -0.318434 0.428458 -0.281026
-0.035262 0.144487 -0.019382 -0.159134 0.249129 -0.796669 -0.046508 -0.145846 -0.310680 0.434834 -0.270778
-0.035294 0.144302 -0.017103 -0.139231 0.234477 -0.880506 -0.039410 -0.132594 -0.302861 0.442615 -0.260183
-0.035286 0.144049 -0.014476 -0.118381 0.219825 -0.981349 -0.033818 -0.119069 -0.295158 0.455228 -0.248721
-0.035251 0.143778 -0.011747 -0.096760 0.205107 -1.012274 -0.029581 -0.104996 -0.287398 0.467985 -0.237399
-0.035187 0.143502 -0.008855 -0.073644 0.189853 -0.963833 -0.028421 -0.090726 -0.279732 0.483984 -0.225703
-0.035094 0.143211 -0.005817 -0.051476 0.175501 -0.907427 -0.028807 -0.076859 -0.272441 0.505678 -0.213749
-0.034974 0.142872 -0.002835 -0.030142 0.161938 -0.853844 -0.029287 -0.063440 -0.265508 0.533559 -0.201603
-0.034831 0.142494 0.000052 -0.009576 0.149052 -0.781804 -0.029972 -0.049966 -0.258588 0.561262 -0.189331
-0.034675 0.142152 0.002679 0.010739 0.136442 -0.634829 -0.030479 -0.036186 -0.251518 0.582317 -0.178325
-0.034476 0.141940 0.005460 0.029954 0.124597 -0.539687 -0.029126 -0.022383 -0.244457 0.592447 -0.169148
-0.034256 0.141910 0.008369 0.046655 0.114095 -0.497906 -0.027200 -0.008348 -0.237208 0.590186 -0.162076
-0.034011 0.142054 0.011350 0.062260 0.104507 -0.375524 -0.025478 0.006146 -0.229618 0.583375 -0.155555
-0.033746 0.142404 0.014434 0.076572 0.096101 -0.189852 -0.024221 0.020478 -0.222024 0.576084 -0.149263
-0.033457 0.143019 0.017655 0.089813 0.088963 -0.044637 -0.023886 0.034310 -0.214598 0.577051 -0.142075
-0.033170 0.143861 0.020672 0.101496 0.083542 0.041237 -0.022826 0.048173 -0.207053 0.589985 -0.134252
-0.032894 0.144956 0.023627 0.114018 0.078316 0.128412 -0.021876 0.062362 -0.199222 0.622957 -0.126237
-0.032638 0.146436 0.026506 0.126069 0.073896 0.221352 -0.021481 0.077048 -0.191002 0.650212 -0.118951
-0.032397 0.148349 0.029278 0.137959 0.070147 0.317833 -0.021671 0.091330 -0.182917 0.679840 -0.111826
-0.032171 0.150621 0.032007 0.149628 0.067154 0.410898 -0.022121 0.105177 -0.175037 0.713366 -0.104618
-0.031997 0.153218 0.034350 0.161836 0.064557 0.521296 -0.023519 0.118156 -0.167569 0.755380 -0.096918
-0.031858 0.156190 0.036167 0.174406 0.062320 0.689335 -0.025600 0.130260 -0.160533 0.803423 -0.088273
-0.031749 0.159460 0.037320 0.185619 0.061369 0.780271 -0.027707 0.140840 -0.154328 0.851589 -0.080584
-0.031660 0.163014 0.037684 0.195243 0.061748 0.809453 -0.029609 0.150715 -0.148525 0.891420 -0.074757
-0.031581 0.166766 0.037501 0.202998 0.063503 0.797472 -0.031165 0.159835 -0.143170 0.918723 -0.071087
-0.031463 0.170691 0.037077 0.208629 0.066642 0.757354 -0.032371 0.168232 -0.138343 0.926639 -0.069666
-0.031296 0.174685 0.036401 0.212048 0.071264 0.695906 -0.033233 0.176022 -0.134066 0.904282 -0.070316
-0.031064 0.178649 0.035662 0.214770 0.076352 0.623800 -0.034414 0.183073 -0.130422 0.878225 -0.071767
-0.030779 0.182458 0.034931 0.216834 0.081693 0.548413 -0.035932 0.189383 -0.127374 0.849364 -0.073902
-0.030418 0.186129 0.034206 0.218206 0.087287 0.470331 -0.037767 0.194869 -0.124880 0.819845 -0.076537
-0.029976 0.189546 0.033465 0.218936 0.093006 0.394357 -0.039895 0.199548 -0.122883 0.790252 -0.079491
-0.029477 0.192653 0.032657 0.219228 0.098760 0.321521 -0.042265 0.203336 -0.121392 0.765075 -0.082596
-0.028902 0.195431 0.031836 0.218889 0.104401 0.258292 -0.044850 0.206329 -0.120334 0.741756 -0.085764
-0.028269 0.197839 0.031052 0.217991 0.109895 0.203921 -0.047491 0.208565 -0.119668 0.721085 -0.088917
-0.027580 0.199839 0.030209 0.216722 0.114945 0.161635 -0.050088 0.210183 -0.119358 0.703039 -0.091954
-0.026882 0.201417 0.029348 0.215185 0.119487 0.129321 -0.052528 0.211239 -0.119306 0.687843 -0.094768
-0.026186 0.202584 0.028512 0.213355 0.123402 0.106976 -0.054733 0.211697 -0.119503 0.675462 -0.097257
-0.025545 0.203300 0.027761 0.211006 0.127068 0.089794 -0.056814 0.211190 -0.119877 0.665982 -0.099317
-0.024948 0.203610 0.027158 0.208156 0.130602 0.074892 -0.058888 0.209815 -0.120397 0.658078 -0.101052
-0.024356 0.203545 0.026706 0.204593 0.134003 0.062293 -0.060868 0.207697 -0.121079 0.651342 -0.102516
-0.023739 0.203212 0.026397 0.200184 0.137325 0.051396 -0.062765 0.204949 -0.121922 0.645291 -0.103772
-0.023088 0.202545 0.026441 0.194901 0.140682 0.041176 -0.064627 0.201674 -0.122914 0.639523 -0.104891
-0.022397 0.201620 0.026749 0.189075 0.143743 0.031103 -0.066305 0.197781 -0.124128 0.633508 -0.106111
-0.021649 0.200481 0.027301 0.182532 0.146522 0.021544 -0.067793 0.193117 -0.125605 0.628330 -0.107352
-0.020946 0.199138 0.028036 0.175305 0.149253 0.010748 -0.069263 0.187481 -0.127289 0.623484 -0.108775
-0.020276 0.197639 0.029001 0.167331 0.152004 -0.001723 -0.070846 0.180652 -0.129227 0.618791 -0.110498
-0.019626 0.196130 0.030048 0.158608 0.154770 -0.015786 -0.072545 0.172408 -0.131455 0.613884 -0.112671
-0.018967 0.194683 0.031162 0.149520 0.157267 -0.030914 -0.074358 0.163886 -0.133825 0.607443 -0.115360
-0.018303 0.193355 0.032283 0.140028 0.159479 -0.047821 -0.076117 0.155071 -0.136337 0.599822 -0.118573
-0.017702 0.192191 0.033341 0.130641 0.161301 -0.064946 -0.077928 0.145890 -0.138952 0.592537 -0.122044
-0.017197 0.191177 0.034310 0.121714 0.162673 -0.081675 -0.079714 0.136521 -0.141605 0.585690 -0.125684
-0.016745 0.190394 0.035057 0.112704 0.163605 -0.099176 -0.081825 0.126744 -0.144399 0.577885 -0.129875
-0.016378 0.189827 0.035552 0.103604 0.164394 -0.116763 -0.084363 0.116715 -0.147220 0.569551 -0.134461
-0.016118 0.189491 0.035822 0.094798 0.165020 -0.133037 -0.087379 0.106581 -0.150025 0.560222 -0.139476
-0.015856 0.189385 0.035878 0.085850 0.165489 -0.148744 -0.091046 0.096542 -0.152870 0.549266 -0.145122
-0.015579 0.189519 0.035702 0.076604 0.165811 -0.163907 -0.095126 0.086574 -0.155768 0.536893 -0.151428
-0.015306 0.189793 0.035350 0.067458 0.165960 -0.177636 -0.099728 0.077061 -0.158616 0.524445 -0.157885
-0.015021 0.190174 0.034837 0.058485 0.165945 -0.189573 -0.104851 0.067451 -0.161519 0.512198 -0.164496
-0.014705 0.190612 0.034183 0.049734 0.165769 -0.199579 -0.110802 0.057806 -0.164471 0.500162 -0.171243
-0.014354 0.191077 0.033439 0.041054 0.165464 -0.208345 -0.117342 0.048182 -0.167447 0.487046 -0.178342
-0.013962 0.191532 0.032619 0.032283 0.165059 -0.216218 -0.124857 0.038454 -0.170484 0.472640 -0.185946
-0.013578 0.191959 0.031867 0.024007 0.164593 -0.222442 -0.132431 0.029018 -0.173411 0.458650 -0.193502
-0.013194 0.192361 0.031185 0.016193 0.164078 -0.227306 -0.139894 0.020050 -0.176185 0.445567 -0.200822
-0.012800 0.192687 0.030487 0.008635 0.163518 -0.231275 -0.146995 0.011737 -0.178759 0.433463 -0.207765
-0.012422 0.192947 0.029888 0.001926 0.162943 -0.234110 -0.153370 0.003630 -0.181208 0.422822 -0.214380
-0.012045 0.193112 0.029341 -0.004013 0.162365 -0.235805 -0.159972 -0.004037 -0.183496 0.413789 -0.220463
-0.011653 0.193187 0.028822 -0.009551 0.161824 -0.237323 -0.166901 -0.011590 -0.185720 0.405279 -0.226504
-0.011262 0.193168 0.028362 -0.014835 0.161369 -0.239071 -0.174204 -0.019126 -0.187894 0.396980 -0.232634
-0.010886 0.193061 0.028039 -0.019871 0.161014 -0.241186 -0.181589 -0.026783 -0.190048 0.388984 -0.238889
-0.010509 0.192837 0.027759 -0.024830 0.160744 -0.243614 -0.189168 -0.034049 -0.192103 0.381717 -0.244886
-0.010146 0.192503 0.027517 -0.029398 0.160547 -0.245905 -0.196050 -0.040926 -0.194062 0.375315 -0.250556
-0.009778 0.192050 0.027218 -0.033542 0.160370 -0.247577 -0.202776 -0.047557 -0.195997 0.369675 -0.255986
-0.009417 0.191474 0.026968 -0.037371 0.160205 -0.248688 -0.209410 -0.054109 -0.197944 0.364568 -0.261269
-0.009071 0.190808 0.026808 -0.040908 0.160057 -0.249245 -0.216246 -0.060731 -0.199939 0.359913 -0.266424
-0.008720 0.190012 0.026592 -0.044290 0.159916 -0.249253 -0.223643 -0.066904 -0.201877 0.356139 -0.271141
-0.008381 0.189090 0.026407 -0.047215 0.159798 -0.248926 -0.230477 -0.072611 -0.203729 0.353059 -0.275440
-0.008058 0.188043 0.026274 -0.049666 0.159713 -0.248374 -0.236484 -0.077684 -0.205441 0.350749 -0.279165
-0.007742 0.186901 0.026097 -0.051548 0.159643 -0.247464 -0.241539 -0.081936 -0.206970 0.349360 -0.282194
-0.007424 0.185625 0.025781 -0.052804 0.159601 -0.246139 -0.245636 -0.085235 -0.208262 0.348824 -0.284428
-0.007130 0.184298 0.025486 -0.053319 0.159592 -0.244363 -0.248720 -0.088111 -0.209385 0.348643 -0.286143
-0.006848 0.182924 0.025166 -0.053402 0.159617 -0.242592 -0.251294 -0.090556 -0.210340 0.348849 -0.287296
-0.006580 0.181523 0.024857 -0.053131 0.159662 -0.240965 -0.253286 -0.092561 -0.211115 0.349322 -0.287916
-0.006318 0.180051 0.024501 -0.052547 0.159727 -0.239534 -0.254745 -0.094177 -0.211694 0.350011 -0.287982
-0.006062 0.178529 0.024118 -0.051675 0.159724 -0.238058 -0.255551 -0.095371 -0.212072 0.350832 -0.287541
-0.005822 0.176980 0.023782 -0.050627 0.159618 -0.236622 -0.255316 -0.096193 -0.212260 0.352018 -0.286471
-0.005605 0.175458 0.023497 -0.049519 0.159388 -0.235033 -0.254279 -0.096703 -0.212259 0.353566 -0.284785
-0.005407 0.173954 0.023252 -0.048353 0.158999 -0.233135 -0.252445 -0.096932 -0.212091 0.355639 -0.282452
-0.005228 0.172487 0.023084 -0.047148 0.158452 -0.230893 -0.249890 -0.096920 -0.211791 0.358389 -0.279450
-0.005074 0.171103 0.023021 -0.045950 0.157803 -0.228747 -0.246439 -0.096678 -0.211390 0.362011 -0.275806
-0.004924 0.169751 0.022949 -0.044724 0.157040 -0.226580 -0.242284 -0.096176 -0.210910 0.366484 -0.271662
-0.004776 0.168413 0.022907 -0.043469 0.156143 -0.224391 -0.237456 -0.095451 -0.210357 0.371899 -0.267019
-0.004626 0.167116 0.022903 -0.042236 0.155181 -0.222377 -0.232184 -0.094587 -0.209751 0.378022 -0.262057
-0.004482 0.165909 0.022906 -0.041017 0.154120 -0.220640 -0.226232 -0.093539 -0.209079 0.385227 -0.256639
-0.004331 0.164762 0.022915 -0.039749 0.153017 -0.219287 -0.219874 -0.092332 -0.208336 0.393317 -0.250879
-0.004176 0.163700 0.022950 -0.038477 0.151921 -0.218606 -0.213155 -0.090998 -0.207516 0.402249 -0.244809
-0.004011 0.162701 0.022968 -0.037148 0.150826 -0.218554 -0.206182 -0.089506 -0.206621 0.411938 -0.238502
-0.003843 0.161783 0.022952 -0.035775 0.149726 -0.219204 -0.198849 -0.087846 -0.205626 0.422686 -0.231879
-0.003669 0.160902 0.022927 -0.034332 0.148627 -0.220247 -0.191412 -0.086053 -0.204531 0.433975 -0.225168
-0.003503 0.160094 0.022891 -0.032850 0.147460 -0.221243 -0.183913 -0.084192 -0.203326 0.445930 -0.218330
-0.003353 0.159378 0.022840 -0.031384 0.146264 -0.222299 -0.176390 -0.082281 -0.202014 0.458498 -0.211420
-0.003223 0.158770 0.022787 -0.029911 0.145024 -0.222881 -0.169086 -0.080343 -0.200602 0.471736 -0.204482
-0.003111 0.158241 0.022728 -0.028401 0.143728 -0.222836 -0.162029 -0.078328 -0.199079 0.485746 -0.197437
-0.003018 0.157789 0.022676 -0.026844 0.142378 -0.221708 -0.155566 -0.076264 -0.197488 0.500363 -0.190471
-0.002949 0.157419 0.022616 -0.025295 0.141030 -0.219545 -0.149825 -0.074156 -0.195840 0.514920 -0.183748
-0.002904 0.157114 0.022563 -0.023651 0.139613 -0.216329 -0.144404 -0.071999 -0.194147 0.529945 -0.177209
-0.002881 0.156875 0.022496 -0.021946 0.138173 -0.212380 -0.139260 -0.069794 -0.192418 0.545259 -0.170903
-0.002880 0.156700 0.022436 -0.020167 0.136717 -0.207403 -0.134587 -0.067562 -0.190689 0.560434 -0.165014
-0.002900 0.156598 0.022377 -0.018353 0.135278 -0.202626 -0.129760 -0.065280 -0.188949 0.574933 -0.159536
-0.002930 0.156535 0.022335 -0.016446 0.133838 -0.197924 -0.124870 -0.062906 -0.187214 0.589768 -0.154343
-0.002968 0.156499 0.022303 -0.014499 0.132429 -0.192797 -0.120471 -0.060420 -0.185493 0.603879 -0.149572
-0.003010 0.156482 0.022279 -0.012519 0.131067 -0.187748 -0.116273 -0.057879 -0.183821 0.617418 -0.145236
-0.003055 0.156477 0.022257 -0.010482 0.129733 -0.182882 -0.112114 -0.055214 -0.182177 0.629661 -0.141387
-0.003101 0.156483 0.022204 -0.008429 0.128468 -0.177936 -0.108233 -0.052431 -0.180563 0.640985 -0.137983
-0.003150 0.156504 0.022102 -0.006370 0.127259 -0.173185 -0.104391 -0.049539 -0.178982 0.651141 -0.134981
-0.003198 0.156540 0.021930 -0.004385 0.126163 -0.168443 -0.101031 -0.046554 -0.177437 0.659431 -0.132498
-0.003246 0.156585 0.021761 -0.002442 0.125156 -0.164140 -0.098144 -0.043412 -0.175906 0.665268 -0.130536
-0.003293 0.156642 0.021576 -0.000598 0.124272 -0.160851 -0.095676 -0.040208 -0.174417 0.669103 -0.129043
-0.003341 0.156705 0.021395 0.001144 0.123484 -0.157909 -0.093890 -0.036964 -0.172968 0.671579 -0.127891
-0.003390 0.156775 0.021226 0.002737 0.122815 -0.155704 -0.092834 -0.033761 -0.171581 0.671640 -0.127207
-0.003439 0.156847 0.021083 0.004321 0.122224 -0.154828 -0.092012 -0.030589 -0.170232 0.670150 -0.126827
-0.003487 0.156923 0.020910 0.005772 0.121752 -0.154888 -0.091608 -0.027467 -0.168913 0.667202 -0.126715
-0.003537 0.157003 0.020701 0.007102 0.121394 -0.155842 -0.091684 -0.024460 -0.167640 0.663315 -0.126796
-0.003587 0.157090 0.020491 0.008321 0.121137 -0.158351 -0.092005 -0.021600 -0.166419 0.658066 -0.127099
-0.003635 0.157169 0.020278 0.009482 0.120959 -0.161932 -0.092523 -0.018868 -0.165234 0.652220 -0.127511
-0.003684 0.157246 0.020068 0.010509 0.120837 -0.166615 -0.093208 -0.016339 -0.164119 0.646109 -0.128008
-0.003734 0.157315 0.019812 0.011394 0.120756 -0.171745 -0.094100 -0.014076 -0.163094 0.640309 -0.128550
-0.003785 0.157370 0.019525 0.012120 0.120706 -0.176971 -0.095158 -0.012069 -0.162156 0.634729 -0.129136
-0.003841 0.157404 0.019185 0.012710 0.120671 -0.182022 -0.096395 -0.010337 -0.161317 0.629557 -0.129750
-0.003898 0.157415 0.018793 0.013166 0.120650 -0.186668 -0.097804 -0.008836 -0.160557 0.624809 -0.130393
-0.003955 0.157404 0.018352 0.013446 0.120632 -0.190561 -0.099244 -0.007606 -0.159895 0.620617 -0.131031
-0.004011 0.157366 0.017922 0.013599 0.120591 -0.194306 -0.100658 -0.006583 -0.159305 0.616489 -0.131680
-0.004062 0.157296 0.017516 0.013621 0.120524 -0.197767 -0.101964 -0.005773 -0.158788 0.612525 -0.132312
-0.004110 0.157192 0.017137 0.013512 0.120444 -0.200868 -0.103106 -0.005142 -0.158335 0.608683 -0.132917
-0.004151 0.157062 0.016815 0.013202 0.120335 -0.203905 -0.104113 -0.004702 -0.157963 0.604764 -0.133498
-0.004186 0.156907 0.016554 0.012750 0.120215 -0.206842 -0.105027 -0.004368 -0.157642 0.600439 -0.134078
-0.004214 0.156730 0.016363 0.012207 0.120085 -0.209372 -0.105796 -0.004150 -0.157385 0.595918 -0.134643
-0.004233 0.156543 0.016219 0.011575 0.119938 -0.211585 -0.106489 -0.003998 -0.157187 0.591056 -0.135236
-0.004241 0.156359 0.016132 0.010860 0.119774 -0.213572 -0.107135 -0.003902 -0.157049 0.585894 -0.135874
-0.004242 0.156183 0.016071 0.010127 0.119612 -0.215338 -0.107731 -0.003852 -0.156969 0.580624 -0.136565
-0.004238 0.156009 0.016031 0.009362 0.119449 -0.217108 -0.108319 -0.003854 -0.156956 0.575440 -0.137325
-0.004228 0.155847 0.015990 0.008595 0.119285 -0.218779 -0.108881 -0.003902 -0.157011 0.570401 -0.138165
-0.004212 0.155698 0.015958 0.007847 0.119126 -0.220464 -0.109440 -0.003988 -0.157118 0.565530 -0.139078
-0.004195 0.155563 0.015938 0.007121 0.118965 -0.222146 -0.110005 -0.004106 -0.157263 0.560664 -0.140083
-0.004178 0.155437 0.015935 0.006477 0.118823 -0.223757 -0.110531 -0.004278 -0.157437 0.556227 -0.141145
-0.004162 0.155319 0.015901 0.005940 0.118705 -0.225438 -0.111035 -0.004494 -0.157622 0.552205 -0.142249
-0.004150 0.155199 0.015827 0.005472 0.118608 -0.227396 -0.111553 -0.004781 -0.157806 0.548714 -0.143348
-0.004141 0.155062 0.015731 0.005101 0.118535 -0.229531 -0.112051 -0.005121 -0.157972 0.545592 -0.144417
-0.004134 0.154896 0.015587 0.004829 0.118475 -0.231784 -0.112533 -0.005523 -0.158108 0.542894 -0.145409
-0.004125 0.154690 0.015398 0.004584 0.118406 -0.234123 -0.112990 -0.005965 -0.158209 0.540276 -0.146320
-0.004119 0.154452 0.015215 0.004368 0.118326 -0.236323 -0.113402 -0.006425 -0.158266 0.537608 -0.147151
-0.004114 0.154175 0.015048 0.004180 0.118227 -0.238220 -0.113731 -0.006868 -0.158282 0.534831 -0.147919
-0.004111 0.153859 0.014888 0.003993 0.118105 -0.239789 -0.113970 -0.007336 -0.158286 0.532274 -0.148603
-0.004110 0.153511 0.014732 0.003806 0.117971 -0.241081 -0.114117 -0.007822 -0.158288 0.530032 -0.149212
-0.004107 0.153131 0.014537 0.003639 0.117822 -0.242186 -0.114181 -0.008314 -0.158287 0.528124 -0.149745
-0.004104 0.152709 0.014354 0.003483 0.117660 -0.242979 -0.114129 -0.008828 -0.158293 0.526707 -0.150188
-0.004094 0.152257 0.014172 0.003352 0.117495 -0.243512 -0.113961 -0.009344 -0.158294 0.525714 -0.150544
-0.004075 0.151776 0.013981 0.003253 0.117330 -0.243829 -0.113697 -0.009831 -0.158270 0.525000 -0.150811
-0.004048 0.151270 0.013809 0.003194 0.117181 -0.243981 -0.113333 -0.010260 -0.158220 0.524472 -0.151010
-0.004012 0.150738 0.013702 0.003183 0.117056 -0.243857 -0.112899 -0.010623 -0.158153 0.524089 -0.151133
-0.003961 0.150172 0.013607 0.003222 0.116950 -0.243577 -0.112412 -0.010916 -0.158073 0.523837 -0.151180
-0.003900 0.149590 0.013534 0.003317 0.116878 -0.243316 -0.111915 -0.011176 -0.157983 0.523716 -0.151109
-0.003832 0.148982 0.013491 0.003469 0.116840 -0.243096 -0.111419 -0.011371 -0.157887 0.523544 -0.150966
-0.003755 0.148342 0.013446 0.003700 0.116835 -0.243050 -0.110922 -0.011503 -0.157791 0.523360 -0.150740
-0.003679 0.147694 0.013423 0.003984 0.116865 -0.243220 -0.110445 -0.011589 -0.157687 0.523148 -0.150459
-0.003607 0.147028 0.013422 0.004318 0.116941 -0.243759 -0.109976 -0.011637 -0.157570 0.522856 -0.150125
-0.003538 0.146318 0.013440 0.004689 0.117049 -0.244575 -0.109528 -0.011620 -0.157455 0.522579 -0.149791
-0.003472 0.145570 0.013469 0.005092 0.117194 -0.245709 -0.109080 -0.011563 -0.157359 0.522490 -0.149454
-0.003412 0.144774 0.013521 0.005499 0.117358 -0.246930 -0.108632 -0.011483 -0.157272 0.522597 -0.149101
-0.003356 0.143916 0.013559 0.005921 0.117542 -0.248339 -0.108161 -0.011385 -0.157190 0.523009 -0.148723
-0.003304 0.143022 0.013579 0.006346 0.117736 -0.249863 -0.107711 -0.011275 -0.157110 0.523700 -0.148329
-0.003255 0.142084 0.013583 0.006783 0.117945 -0.251463 -0.107268 -0.011152 -0.157024 0.524753 -0.147919
-0.003209 0.141130 0.013567 0.007234 0.118163 -0.253099 -0.106842 -0.011022 -0.156922 0.526094 -0.147490
-0.003165 0.140174 0.013537 0.007672 0.118377 -0.254629 -0.106450 -0.010881 -0.156805 0.527689 -0.147056
-0.003121 0.139218 0.013501 0.008098 0.118583 -0.255995 -0.106089 -0.010722 -0.156683 0.529410 -0.146622
-0.003075 0.138296 0.013448 0.008520 0.118778 -0.257126 -0.105777 -0.010550 -0.156554 0.531265 -0.146173
-0.003030 0.137463 0.013389 0.008908 0.118958 -0.258036 -0.105517 -0.010395 -0.156420 0.533039 -0.145704
-0.002986 0.136693 0.013322 0.009281 0.119114 -0.258947 -0.105247 -0.010242 -0.156281 0.534716 -0.145219
-0.002945 0.135948 0.013268 0.009655 0.119259 -0.260068 -0.104970 -0.010094 -0.156150 0.536256 -0.144746
-0.002910 0.135239 0.013226 0.010037 0.119388 -0.261458 -0.104669 -0.009947 -0.156025 0.537638 -0.144296
-0.002883 0.134542 0.013206 0.010435 0.119502 -0.263201 -0.104308 -0.009796 -0.155916 0.538934 -0.143875
-0.002862 0.133852 0.013200 0.010841 0.119590 -0.265284 -0.103867 -0.009648 -0.155829 0.540200 -0.143494
-0.002845 0.133140 0.013222 0.011234 0.119660 -0.267464 -0.103408 -0.009522 -0.155762 0.541461 -0.143149
-0.002829 0.132458 0.013254 0.011606 0.119715 -0.269730 -0.102922 -0.009431 -0.155708 0.542687 -0.142822
-0.002811 0.131782 0.013298 0.011981 0.119760 -0.271932 -0.102455 -0.009381 -0.155664 0.543907 -0.142515
-0.002788 0.131097 0.013356 0.012344 0.119783 -0.273948 -0.102001 -0.009351 -0.155636 0.545023 -0.142258
-0.002762 0.130377 0.013424 0.012720 0.119796 -0.275800 -0.101569 -0.009315 -0.155621 0.546027 -0.142044
-0.002751 0.129658 0.013503 0.013110 0.119800 -0.277345 -0.101236 -0.009288 -0.155605 0.546959 -0.141870
-0.002753 0.128972 0.013561 0.013529 0.119790 -0.278595 -0.100999 -0.009262 -0.155589 0.547927 -0.141727
-0.002772 0.128340 0.013598 0.013934 0.119764 -0.279585 -0.100852 -0.009248 -0.155573 0.548946 -0.141608
-0.002812 0.127763 0.013612 0.014321 0.119730 -0.280395 -0.100801 -0.009254 -0.155545 0.550017 -0.141508
-0.002873 0.127241 0.013597 0.014685 0.119688 -0.281009 -0.100859 -0.009273 -0.155491 0.551028 -0.141431
-0.002947 0.126804 0.013548 0.015022 0.119632 -0.281579 -0.100947 -0.009296 -0.155420 0.551915 -0.141381
-0.003037 0.126407 0.013486 0.015326 0.119564 -0.282074 -0.101058 -0.009318 -0.155328 0.552620 -0.141363
-0.003142 0.126055 0.013405 0.015573 0.119480 -0.282589 -0.101136 -0.009331 -0.155216 0.553141 -0.141364
-0.003262 0.125747 0.013306 0.015774 0.119386 -0.283119 -0.101179 -0.009348 -0.155085 0.553560 -0.141368
-0.003394 0.125478 0.013192 0.015931 0.119283 -0.283676 -0.101174 -0.009380 -0.154951 0.554010 -0.141369
-0.003519 0.125237 0.013076 0.016028 0.119168 -0.284126 -0.101115 -0.009435 -0.154831 0.554466 -0.141373
-0.003635 0.125042 0.012959 0.016071 0.119048 -0.284448 -0.101012 -0.009515 -0.154729 0.554910 -0.141382
-0.003736 0.124887 0.012848 0.016094 0.118930 -0.284613 -0.100904 -0.009615 -0.154644 0.555306 -0.141410
-0.003821 0.124773 0.012748 0.016098 0.118815 -0.284635 -0.100796 -0.009729 -0.154576 0.555586 -0.141458
-0.003887 0.124704 0.012666 0.016086 0.118695 -0.284484 -0.100696 -0.009857 -0.154527 0.555757 -0.141527
-0.003950 0.124659 0.012596 0.016083 0.118582 -0.284346 -0.100623 -0.009986 -0.154484 0.555870 -0.141609
-0.004009 0.124619 0.012547 0.016087 0.118477 -0.284284 -0.100583 -0.010117 -0.154447 0.555947 -0.141697
-0.004064 0.124576 0.012520 0.016099 0.118379 -0.284284 -0.100580 -0.010246 -0.154420 0.556045 -0.141785
-0.004119 0.124525 0.012511 0.016116 0.118282 -0.284276 -0.100611 -0.010373 -0.154402 0.556166 -0.141878
-0.004172 0.124465 0.012523 0.016129 0.118185 -0.284261 -0.100669 -0.010494 -0.154390 0.556309 -0.141967
-0.004224 0.124399 0.012559 0.016124 0.118092 -0.284200 -0.100755 -0.010612 -0.154382 0.556456 -0.142051
-0.004274 0.124323 0.012616 0.016087 0.118000 -0.284071 -0.100849 -0.010724 -0.154375 0.556592 -0.142132
-0.004324 0.124236 0.012693 0.016006 0.117907 -0.283864 -0.100932 -0.010830 -0.154371 0.556700 -0.142207
-0.004371 0.124139 0.012785 0.015886 0.117817 -0.283562 -0.100999 -0.010932 -0.154367 0.556796 -0.142271
-0.004417 0.124029 0.012887 0.015735 0.117741 -0.283208 -0.101043 -0.011026 -0.154367 0.556908 -0.142318
-0.004460 0.123907 0.012993 0.015566 0.117675 -0.282796 -0.101054 -0.011113 -0.154371 0.557102 -0.142345
-0.004501 0.123775 0.013098 0.015395 0.117622 -0.282301 -0.101039 -0.011194 -0.154384 0.557467 -0.142351
-0.004539 0.123643 0.013201 0.015237 0.117586 -0.281787 -0.101014 -0.011271 -0.154399 0.558019 -0.142333
-0.004580 0.123520 0.013305 0.015091 0.117573 -0.281352 -0.100987 -0.011345 -0.154411 0.558756 -0.142287
-0.004621 0.123410 0.013403 0.014960 0.117575 -0.281020 -0.100968 -0.011415 -0.154417 0.559619 -0.142219
-0.004665 0.123314 0.013489 0.014840 0.117589 -0.280796 -0.100952 -0.011479 -0.154412 0.560528 -0.142130
-0.004715 0.123234 0.013563 0.014740 0.117616 -0.280682 -0.100949 -0.011530 -0.154394 0.561419 -0.142026
-0.004766 0.123166 0.013619 0.014656 0.117648 -0.280631 -0.100959 -0.011565 -0.154368 0.562270 -0.141915
-0.004819 0.123107 0.013654 0.014589 0.117684 -0.280611 -0.100970 -0.011583 -0.154344 0.563103 -0.141807
-0.004870 0.123056 0.013673 0.014533 0.117725 -0.280608 -0.100984 -0.011588 -0.154329 0.563933 -0.141716
-0.004918 0.123007 0.013674 0.014490 0.117768 -0.280561 -0.100999 -0.011577 -0.154327 0.564754 -0.141651
-0.004959 0.122957 0.013657 0.014454 0.117810 -0.280486 -0.101010 -0.011555 -0.154339 0.565530 -0.141613
-0.004994 0.122903 0.013625 0.014422 0.117854 -0.280380 -0.101009 -0.011521 -0.154365 0.566231 -0.141603
-0.005020 0.122835 0.013577 0.014403 0.117903 -0.280285 -0.101003 -0.011478 -0.154401 0.566836 -0.141615
-0.005041 0.122756 0.013514 0.014402 0.117960 -0.280211 -0.100992 -0.011427 -0.154442 0.567356 -0.141640
-0.005053 0.122724 0.013489 0.014379 0.117975 -0.280077 -0.100976 -0.011395 -0.154465 0.567550 -0.141658
-0.005059 0.122689 0.013458 0.014362 0.117992 -0.279970 -0.100944 -0.011357 -0.154498 0.567751 -0.141691
-0.005062 0.122648 0.013419 0.014357 0.118018 -0.279925 -0.100901 -0.011317 -0.154538 0.568003 -0.141736
-0.005064 0.122601 0.013375 0.014372 0.118057 -0.279944 -0.100861 -0.011277 -0.154580 0.568320 -0.141787
