-0.002500 0.112288 0.016225 -0.040261 0.121742 -0.590186 -0.124991 -0.006596 -0.160001 0.781609 -0.208602
-0.002460 0.112281 0.016132 -0.040217 0.122003 -0.590681 -0.124815 -0.006688 -0.160165 0.780891 -0.208526
-0.002424 0.112265 0.016054 -0.040156 0.122224 -0.591033 -0.124666 -0.006780 -0.160339 0.780268 -0.208461
-0.002389 0.112249 0.015987 -0.040085 0.122403 -0.591293 -0.124545 -0.006875 -0.160516 0.779737 -0.208406
-0.002356 0.112234 0.015927 -0.040004 0.122537 -0.591447 -0.124434 -0.006969 -0.160688 0.779275 -0.208360
-0.002321 0.112217 0.015875 -0.039922 0.122634 -0.591610 -0.124325 -0.007067 -0.160866 0.778947 -0.208325
-0.002244 0.112189 0.015743 -0.039804 0.122925 -0.592071 -0.123931 -0.007269 -0.161209 0.778156 -0.208231
-0.002171 0.112167 0.015631 -0.039657 0.123086 -0.592651 -0.123702 -0.007476 -0.161559 0.777607 -0.208164
-0.002099 0.112151 0.015542 -0.039492 0.123112 -0.593020 -0.123542 -0.007686 -0.161905 0.777279 -0.208114
-0.002031 0.112140 0.015478 -0.039314 0.123007 -0.593068 -0.123417 -0.007894 -0.162243 0.777173 -0.208073
-0.001961 0.112141 0.015440 -0.039124 0.122757 -0.592893 -0.123290 -0.008091 -0.162562 0.777192 -0.208030
-0.001892 0.112166 0.015416 -0.038930 0.122376 -0.592456 -0.123136 -0.008273 -0.162848 0.777241 -0.207973
-0.001824 0.112215 0.015403 -0.038730 0.121858 -0.591691 -0.122972 -0.008426 -0.163081 0.777182 -0.207891
-0.001760 0.112285 0.015397 -0.038517 0.121207 -0.590672 -0.122793 -0.008540 -0.163255 0.776928 -0.207779
-0.001694 0.112374 0.015392 -0.038303 0.120452 -0.589584 -0.122608 -0.008618 -0.163377 0.776481 -0.207636
-0.001633 0.112480 0.015383 -0.038073 0.119569 -0.588116 -0.122448 -0.008647 -0.163428 0.775716 -0.207461
-0.001573 0.112596 0.015371 -0.037827 0.118574 -0.586401 -0.122337 -0.008618 -0.163411 0.774632 -0.207259
-0.001518 0.112717 0.015357 -0.037566 0.117490 -0.584452 -0.122261 -0.008544 -0.163339 0.773287 -0.207041
-0.001467 0.112834 0.015332 -0.037286 0.116333 -0.582276 -0.122218 -0.008417 -0.163216 0.771705 -0.206812
-0.001418 0.112947 0.015297 -0.036986 0.115093 -0.580229 -0.122244 -0.008240 -0.163042 0.769862 -0.206576
-0.001377 0.113049 0.015248 -0.036681 0.113833 -0.578285 -0.122354 -0.008034 -0.162835 0.767942 -0.206336
-0.001342 0.113131 0.015190 -0.036361 0.112568 -0.576466 -0.122558 -0.007806 -0.162609 0.766038 -0.206098
-0.001313 0.113191 0.015119 -0.036025 0.111319 -0.574860 -0.122872 -0.007562 -0.162371 0.764234 -0.205866
-0.001287 0.113238 0.015043 -0.035674 0.110102 -0.573587 -0.123320 -0.007319 -0.162135 0.762627 -0.205644
-0.001272 0.113271 0.014961 -0.035290 0.108909 -0.572312 -0.123895 -0.007073 -0.161893 0.761215 -0.205428
-0.001262 0.113297 0.014879 -0.034883 0.107770 -0.571362 -0.124580 -0.006833 -0.161667 0.760054 -0.205216
-0.001256 0.113317 0.014795 -0.034452 0.106691 -0.570693 -0.125365 -0.006606 -0.161455 0.759119 -0.204997
-0.001254 0.113329 0.014709 -0.034006 0.105678 -0.570223 -0.126212 -0.006381 -0.161249 0.758338 -0.204755
-0.001255 0.113337 0.014624 -0.033561 0.104745 -0.570087 -0.127103 -0.006166 -0.161052 0.757720 -0.204486
-0.001255 0.113355 0.014545 -0.033111 0.103895 -0.569721 -0.127990 -0.005981 -0.160875 0.757293 -0.204185
-0.001254 0.113382 0.014471 -0.032658 0.103109 -0.569322 -0.128902 -0.005814 -0.160707 0.757011 -0.203849
-0.001251 0.113428 0.014406 -0.032196 0.102390 -0.568833 -0.129835 -0.005672 -0.160554 0.756851 -0.203476
-0.001242 0.113500 0.014355 -0.031723 0.101733 -0.568227 -0.130802 -0.005561 -0.160425 0.756822 -0.203064
-0.001227 0.113593 0.014314 -0.031233 0.101132 -0.567262 -0.131789 -0.005473 -0.160317 0.756861 -0.202611
-0.001209 0.113697 0.014281 -0.030749 0.100617 -0.566426 -0.132802 -0.005399 -0.160224 0.756940 -0.202112
-0.001191 0.113810 0.014257 -0.030261 0.100191 -0.565349 -0.133791 -0.005337 -0.160130 0.756998 -0.201564
-0.001169 0.113931 0.014239 -0.029786 0.099859 -0.564072 -0.134739 -0.005286 -0.160031 0.757019 -0.200962
-0.001146 0.114064 0.014222 -0.029318 0.099611 -0.562674 -0.135626 -0.005253 -0.159927 0.756990 -0.200306
-0.001122 0.114208 0.014207 -0.028851 0.099436 -0.561167 -0.136445 -0.005247 -0.159819 0.756901 -0.199584
-0.001097 0.114349 0.014183 -0.028400 0.099353 -0.559820 -0.137176 -0.005263 -0.159709 0.756788 -0.198795
-0.001069 0.114490 0.014154 -0.027967 0.099348 -0.558467 -0.137782 -0.005313 -0.159609 0.756670 -0.197931
-0.001040 0.114618 0.014117 -0.027572 0.099407 -0.557242 -0.138252 -0.005392 -0.159517 0.756605 -0.196993
-0.001012 0.114728 0.014073 -0.027236 0.099533 -0.555714 -0.138480 -0.005498 -0.159435 0.756616 -0.195980
-0.000985 0.114819 0.014028 -0.026980 0.099734 -0.553931 -0.138435 -0.005630 -0.159362 0.756707 -0.194891
-0.000954 0.114905 0.013991 -0.026807 0.099987 -0.551678 -0.138092 -0.005792 -0.159309 0.756834 -0.193727
-0.000922 0.114987 0.013960 -0.026739 0.100298 -0.549323 -0.137487 -0.005980 -0.159281 0.756994 -0.192494
-0.000888 0.115074 0.013936 -0.026775 0.100670 -0.546534 -0.136530 -0.006194 -0.159280 0.757112 -0.191194
-0.000854 0.115168 0.013914 -0.026914 0.101096 -0.543627 -0.135318 -0.006425 -0.159295 0.757130 -0.189833
-0.000820 0.115268 0.013890 -0.027147 0.101572 -0.540527 -0.133864 -0.006664 -0.159323 0.757018 -0.188419
-0.000787 0.115374 0.013853 -0.027460 0.102089 -0.537170 -0.132200 -0.006904 -0.159351 0.756768 -0.186960
-0.000758 0.115482 0.013804 -0.027828 0.102630 -0.533349 -0.130335 -0.007139 -0.159376 0.756375 -0.185470
-0.000728 0.115590 0.013738 -0.028236 0.103196 -0.528897 -0.128275 -0.007368 -0.159400 0.755879 -0.183959
-0.000700 0.115699 0.013655 -0.028665 0.103780 -0.524265 -0.126100 -0.007589 -0.159434 0.755367 -0.182444
-0.000671 0.115804 0.013553 -0.029094 0.104373 -0.519497 -0.123841 -0.007803 -0.159489 0.754967 -0.180936
-0.000640 0.115901 0.013438 -0.029508 0.104966 -0.514661 -0.121527 -0.008013 -0.159567 0.754785 -0.179444
-0.000606 0.115992 0.013312 -0.029895 0.105548 -0.509641 -0.119164 -0.008221 -0.159669 0.754887 -0.177970
-0.000572 0.116062 0.013186 -0.030241 0.106131 -0.505369 -0.116957 -0.008409 -0.159794 0.755341 -0.176524
-0.000534 0.116112 0.013073 -0.030544 0.106701 -0.501564 -0.114903 -0.008574 -0.159946 0.756142 -0.175111
-0.000493 0.116141 0.012978 -0.030814 0.107275 -0.498627 -0.113061 -0.008710 -0.160118 0.757249 -0.173733
-0.000448 0.116149 0.012913 -0.031057 0.107856 -0.496782 -0.111479 -0.008798 -0.160307 0.758565 -0.172410
-0.000402 0.116137 0.012877 -0.031284 0.108470 -0.495334 -0.109913 -0.008826 -0.160507 0.760038 -0.171156
-0.000338 0.116111 0.012871 -0.031496 0.109079 -0.494114 -0.108337 -0.008797 -0.160722 0.761584 -0.169976
-0.000258 0.116067 0.012888 -0.031694 0.109693 -0.493215 -0.106755 -0.008709 -0.160941 0.763145 -0.168877
-0.000166 0.116005 0.012926 -0.031874 0.110289 -0.492313 -0.105100 -0.008559 -0.161158 0.764635 -0.167869
-0.000058 0.115928 0.012976 -0.032030 0.110853 -0.491100 -0.103366 -0.008362 -0.161371 0.766093 -0.166952
0.000063 0.115836 0.013033 -0.032160 0.111375 -0.490573 -0.101792 -0.008126 -0.161585 0.767545 -0.166129
0.000195 0.115742 0.013087 -0.032250 0.111824 -0.489815 -0.100238 -0.007869 -0.161799 0.769020 -0.165401
0.000332 0.115646 0.013133 -0.032295 0.112211 -0.488580 -0.098646 -0.007598 -0.162013 0.770567 -0.164768
0.000476 0.115549 0.013170 -0.032279 0.112514 -0.486472 -0.097028 -0.007315 -0.162224 0.772186 -0.164229
0.000625 0.115461 0.013194 -0.032209 0.112736 -0.483394 -0.095337 -0.007042 -0.162434 0.773918 -0.163765
0.000788 0.115390 0.013197 -0.032077 0.112854 -0.480122 -0.093825 -0.006786 -0.162641 0.775673 -0.163363
0.000943 0.115334 0.013186 -0.031897 0.112912 -0.477329 -0.092552 -0.006543 -0.162821 0.777432 -0.163016
0.001093 0.115306 0.013160 -0.031689 0.112899 -0.475179 -0.091516 -0.006324 -0.162975 0.779162 -0.162723
0.001239 0.115311 0.013116 -0.031460 0.112828 -0.473942 -0.090768 -0.006136 -0.163102 0.780892 -0.162482
0.001386 0.115353 0.013047 -0.031213 0.112698 -0.473829 -0.090311 -0.005974 -0.163208 0.782538 -0.162309
0.001521 0.115428 0.012963 -0.030950 0.112527 -0.473995 -0.089897 -0.005837 -0.163288 0.784096 -0.162204
0.001646 0.115528 0.012870 -0.030681 0.112321 -0.474486 -0.089589 -0.005720 -0.163342 0.785532 -0.162170
0.001761 0.115649 0.012772 -0.030398 0.112079 -0.475305 -0.089406 -0.005621 -0.163370 0.786840 -0.162204
0.001865 0.115793 0.012667 -0.030113 0.111805 -0.476606 -0.089288 -0.005543 -0.163373 0.788065 -0.162308
0.001951 0.115952 0.012567 -0.029825 0.111509 -0.478343 -0.089237 -0.005473 -0.163343 0.789217 -0.162480
0.002013 0.116117 0.012475 -0.029549 0.111207 -0.480550 -0.089234 -0.005414 -0.163285 0.790387 -0.162711
0.002061 0.116288 0.012387 -0.029288 0.110898 -0.482807 -0.089251 -0.005368 -0.163217 0.791673 -0.163003
0.002112 0.116493 0.012297 -0.029042 0.110541 -0.485349 -0.089324 -0.005358 -0.163135 0.792940 -0.163334
0.002168 0.116736 0.012209 -0.028832 0.110156 -0.488131 -0.089451 -0.005380 -0.163039 0.794105 -0.163691
0.002224 0.117008 0.012130 -0.028658 0.109751 -0.491103 -0.089628 -0.005431 -0.162928 0.795140 -0.164050
0.002298 0.117316 0.012065 -0.028521 0.109296 -0.493890 -0.089864 -0.005514 -0.162809 0.795993 -0.164401
0.002389 0.117665 0.012013 -0.028423 0.108798 -0.496669 -0.090131 -0.005610 -0.162682 0.796493 -0.164729
0.002484 0.118025 0.011977 -0.028370 0.108313 -0.499068 -0.090379 -0.005690 -0.162557 0.796843 -0.165107
0.002586 0.118403 0.011967 -0.028350 0.107847 -0.502401 -0.090754 -0.005756 -0.162451 0.797053 -0.165542
0.002701 0.118806 0.011981 -0.028364 0.107394 -0.506732 -0.091265 -0.005811 -0.162376 0.797179 -0.166059
0.002825 0.119229 0.012017 -0.028408 0.106971 -0.512420 -0.091948 -0.005842 -0.162331 0.797299 -0.166686
0.002957 0.119679 0.012070 -0.028474 0.106570 -0.519449 -0.092805 -0.005865 -0.162316 0.797466 -0.167417
0.003075 0.120117 0.012152 -0.028541 0.106226 -0.527400 -0.093821 -0.005849 -0.162334 0.797770 -0.168205
0.003175 0.120531 0.012258 -0.028603 0.105927 -0.535148 -0.094862 -0.005793 -0.162377 0.798283 -0.169029
0.003256 0.120924 0.012389 -0.028656 0.105664 -0.542728 -0.095937 -0.005698 -0.162437 0.799011 -0.169873
0.003312 0.121297 0.012524 -0.028702 0.105461 -0.550225 -0.097016 -0.005559 -0.162500 0.799943 -0.170718
0.003346 0.121652 0.012668 -0.028744 0.105316 -0.557825 -0.098115 -0.005406 -0.162567 0.801211 -0.171554
0.003380 0.122024 0.012821 -0.028800 0.105170 -0.565937 -0.099256 -0.005266 -0.162625 0.802648 -0.172302
0.003406 0.122397 0.012957 -0.028869 0.105025 -0.573101 -0.100285 -0.005126 -0.162661 0.804246 -0.172952
0.003426 0.122771 0.013081 -0.028959 0.104875 -0.579499 -0.101196 -0.004999 -0.162677 0.806021 -0.173485
0.003442 0.123148 0.013204 -0.029069 0.104704 -0.585017 -0.101966 -0.004883 -0.162668 0.807854 -0.173887
0.003451 0.123520 0.013320 -0.029190 0.104517 -0.589657 -0.102590 -0.004750 -0.162627 0.809667 -0.174158
0.003454 0.123894 0.013435 -0.029330 0.104335 -0.593511 -0.103052 -0.004604 -0.162554 0.811428 -0.174361
0.003455 0.124276 0.013561 -0.029488 0.104164 -0.597753 -0.103490 -0.004450 -0.162457 0.813121 -0.174513
0.003451 0.124662 0.013691 -0.029654 0.104024 -0.602089 -0.103893 -0.004272 -0.162332 0.814693 -0.174639
0.003440 0.125043 0.013821 -0.029824 0.103921 -0.606695 -0.104296 -0.004075 -0.162191 0.816212 -0.174754
0.003422 0.125407 0.013958 -0.029995 0.103856 -0.611259 -0.104675 -0.003848 -0.162032 0.817620 -0.174874
0.003395 0.125746 0.014086 -0.030152 0.103839 -0.615816 -0.105048 -0.003596 -0.161866 0.818974 -0.175011
0.003362 0.126060 0.014217 -0.030295 0.103865 -0.620419 -0.105428 -0.003322 -0.161697 0.820184 -0.175172
0.003322 0.126339 0.014333 -0.030406 0.103931 -0.624856 -0.105816 -0.003011 -0.161522 0.821272 -0.175363
0.003275 0.126599 0.014437 -0.030498 0.104030 -0.628762 -0.106187 -0.002696 -0.161346 0.822313 -0.175585
0.003224 0.126842 0.014543 -0.030582 0.104158 -0.632454 -0.106572 -0.002380 -0.161163 0.823234 -0.175844
0.003171 0.127065 0.014640 -0.030646 0.104290 -0.635708 -0.106974 -0.002052 -0.160963 0.823980 -0.176142
0.003113 0.127272 0.014720 -0.030684 0.104424 -0.638489 -0.107392 -0.001710 -0.160737 0.824597 -0.176487
0.003054 0.127469 0.014789 -0.030721 0.104537 -0.641149 -0.107836 -0.001372 -0.160489 0.825090 -0.176874
0.002999 0.127650 0.014853 -0.030746 0.104621 -0.643697 -0.108315 -0.001011 -0.160210 0.825377 -0.177312
0.002948 0.127823 0.014896 -0.030752 0.104675 -0.646042 -0.108826 -0.000647 -0.159905 0.825627 -0.177792
0.002900 0.127986 0.014922 -0.030752 0.104696 -0.648257 -0.109363 -0.000282 -0.159577 0.825783 -0.178307
0.002860 0.128148 0.014940 -0.030752 0.104685 -0.650406 -0.109939 0.000070 -0.159230 0.825902 -0.178848
0.002829 0.128313 0.014955 -0.030761 0.104643 -0.652412 -0.110541 0.000395 -0.158873 0.825895 -0.179398
0.002808 0.128468 0.014957 -0.030761 0.104577 -0.654414 -0.111171 0.000716 -0.158496 0.825650 -0.179940
0.002794 0.128608 0.014948 -0.030750 0.104490 -0.656109 -0.111788 0.001016 -0.158114 0.825189 -0.180459
0.002785 0.128740 0.014926 -0.030746 0.104390 -0.657689 -0.112409 0.001278 -0.157740 0.824639 -0.180950
0.002782 0.128859 0.014892 -0.030743 0.104279 -0.659093 -0.113018 0.001504 -0.157380 0.823972 -0.181405
0.002783 0.128962 0.014844 -0.030730 0.104168 -0.660308 -0.113629 0.001698 -0.157041 0.823259 -0.181825
0.002782 0.129064 0.014784 -0.030722 0.104062 -0.661314 -0.114245 0.001834 -0.156744 0.822608 -0.182220
0.002779 0.129169 0.014719 -0.030719 0.103958 -0.662328 -0.114898 0.001930 -0.156491 0.821976 -0.182597
0.002772 0.129276 0.014652 -0.030711 0.103856 -0.663211 -0.115556 0.001997 -0.156284 0.821342 -0.182963
0.002756 0.129382 0.014582 -0.030699 0.103768 -0.664041 -0.116243 0.002044 -0.156119 0.820739 -0.183322
0.002729 0.129489 0.014510 -0.030686 0.103696 -0.664828 -0.116941 0.002080 -0.155987 0.820183 -0.183681
0.002689 0.129594 0.014439 -0.030672 0.103642 -0.665673 -0.117689 0.002108 -0.155894 0.819758 -0.184045
0.002640 0.129694 0.014368 -0.030635 0.103601 -0.666498 -0.118516 0.002140 -0.155839 0.819469 -0.184424
0.002581 0.129784 0.014304 -0.030569 0.103571 -0.667231 -0.119393 0.002190 -0.155817 0.819306 -0.184819
0.002517 0.129860 0.014250 -0.030473 0.103548 -0.667955 -0.120343 0.002264 -0.155830 0.819251 -0.185229
0.002446 0.129919 0.014216 -0.030344 0.103526 -0.668588 -0.121359 0.002365 -0.155876 0.819300 -0.185653
0.002374 0.129955 0.014205 -0.030183 0.103505 -0.669050 -0.122383 0.002509 -0.155947 0.819395 -0.186091
0.002301 0.129968 0.014219 -0.030013 0.103488 -0.669452 -0.123382 0.002696 -0.156037 0.819522 -0.186539
0.002225 0.129963 0.014258 -0.029836 0.103470 -0.669878 -0.124407 0.002914 -0.156138 0.819689 -0.186989
0.002148 0.129940 0.014328 -0.029655 0.103441 -0.670182 -0.125379 0.003178 -0.156257 0.819903 -0.187460
0.002073 0.129902 0.014427 -0.029473 0.103400 -0.670446 -0.126315 0.003488 -0.156394 0.820157 -0.187954
0.002001 0.129853 0.014552 -0.029289 0.103344 -0.670606 -0.127187 0.003845 -0.156550 0.820442 -0.188481
0.001928 0.129797 0.014698 -0.029127 0.103286 -0.670779 -0.127957 0.004241 -0.156714 0.820749 -0.189033
0.001856 0.129736 0.014860 -0.028988 0.103229 -0.670970 -0.128620 0.004683 -0.156890 0.821059 -0.189621
0.001780 0.129677 0.015026 -0.028876 0.103166 -0.671245 -0.129172 0.005153 -0.157061 0.821335 -0.190225
0.001701 0.129618 0.015186 -0.028793 0.103096 -0.671608 -0.129595 0.005642 -0.157226 0.821574 -0.190843
0.001616 0.129556 0.015341 -0.028739 0.103025 -0.672130 -0.129933 0.006133 -0.157371 0.821750 -0.191454
0.001529 0.129492 0.015484 -0.028690 0.102936 -0.672689 -0.130190 0.006625 -0.157505 0.821818 -0.192063
0.001443 0.129420 0.015614 -0.028648 0.102833 -0.673297 -0.130362 0.007122 -0.157634 0.821782 -0.192675
0.001357 0.129338 0.015730 -0.028607 0.102727 -0.673884 -0.130466 0.007608 -0.157755 0.821583 -0.193285
0.001272 0.129250 0.015832 -0.028565 0.102616 -0.674440 -0.130520 0.008074 -0.157872 0.821201 -0.193891
0.001188 0.129154 0.015922 -0.028522 0.102498 -0.674965 -0.130523 0.008518 -0.157990 0.820658 -0.194495
0.001107 0.129048 0.016003 -0.028485 0.102378 -0.675463 -0.130505 0.008929 -0.158126 0.819937 -0.195117
0.001025 0.128935 0.016080 -0.028463 0.102257 -0.676009 -0.130446 0.009286 -0.158289 0.819060 -0.195762
0.000949 0.128817 0.016156 -0.028462 0.102153 -0.676547 -0.130354 0.009592 -0.158514 0.818143 -0.196456
0.000877 0.128709 0.016247 -0.028526 0.102104 -0.677457 -0.130248 0.009818 -0.158825 0.817242 -0.197222
0.000812 0.128612 0.016353 -0.028678 0.102143 -0.679156 -0.130166 0.009968 -0.159268 0.816375 -0.198120
0.000748 0.128564 0.016492 -0.028971 0.102327 -0.681993 -0.130186 0.009986 -0.159877 0.815665 -0.199179
0.000688 0.128567 0.016660 -0.029404 0.102703 -0.686077 -0.130456 0.009874 -0.160695 0.814991 -0.200479
0.000635 0.128660 0.016859 -0.030017 0.103312 -0.691485 -0.131142 0.009602 -0.161775 0.814265 -0.202101
0.000591 0.128851 0.017079 -0.030765 0.104120 -0.697817 -0.132221 0.009201 -0.163156 0.813267 -0.204152
0.000552 0.129166 0.017318 -0.031650 0.105261 -0.704746 -0.134086 0.008683 -0.164887 0.811843 -0.206745
0.000523 0.129579 0.017556 -0.032605 0.106678 -0.711962 -0.136660 0.008102 -0.166988 0.809781 -0.209967
0.000484 0.130160 0.017818 -0.033740 0.108570 -0.719127 -0.140424 0.007400 -0.169495 0.807094 -0.213891
0.000424 0.130883 0.018100 -0.035012 0.110881 -0.726244 -0.145225 0.006584 -0.172426 0.803652 -0.218595
0.000321 0.131744 0.018434 -0.036549 0.113914 -0.734654 -0.151167 0.005603 -0.175817 0.799541 -0.224124
0.000161 0.132761 0.018822 -0.038420 0.117674 -0.741643 -0.158851 0.004393 -0.179671 0.794638 -0.230508
-0.000073 0.133901 0.019267 -0.040699 0.122323 -0.746982 -0.168637 0.002916 -0.184026 0.788987 -0.237782
-0.000365 0.135098 0.019730 -0.043256 0.127555 -0.750697 -0.179802 0.001152 -0.188901 0.782506 -0.245975
-0.000716 0.136305 0.020210 -0.046358 0.133786 -0.752850 -0.193194 -0.000827 -0.194112 0.774632 -0.255022
-0.001122 0.137495 0.020746 -0.049899 0.140723 -0.752982 -0.208736 -0.003216 -0.199861 0.766064 -0.264986
-0.001567 0.138609 0.021334 -0.053765 0.148021 -0.752680 -0.224936 -0.006113 -0.206206 0.757107 -0.275853
-0.002057 0.139681 0.021942 -0.057898 0.155529 -0.752260 -0.241436 -0.009603 -0.213170 0.747762 -0.287694
-0.002566 0.140640 0.022534 -0.063007 0.164005 -0.751779 -0.259942 -0.013705 -0.220838 0.738271 -0.300552
-0.003085 0.141514 0.023097 -0.068829 0.173030 -0.751234 -0.279611 -0.018588 -0.229449 0.729119 -0.314605
-0.003581 0.142298 0.023536 -0.075715 0.182779 -0.748872 -0.301494 -0.024122 -0.238910 0.719911 -0.329917
-0.004035 0.142982 0.023828 -0.083903 0.193510 -0.748020 -0.324956 -0.030279 -0.249260 0.710637 -0.346670
-0.004416 0.143540 0.023982 -0.093567 0.205276 -0.747732 -0.350791 -0.037070 -0.260574 0.701523 -0.364950
-0.004739 0.144043 0.024043 -0.103998 0.217385 -0.747902 -0.377389 -0.044525 -0.272856 0.692609 -0.384935
-0.005020 0.144474 0.024015 -0.115558 0.229981 -0.748625 -0.404973 -0.052497 -0.285931 0.683989 -0.406685
-0.005264 0.144823 0.023834 -0.128210 0.243220 -0.751492 -0.432431 -0.061182 -0.300003 0.676040 -0.430280
-0.005492 0.145139 0.023460 -0.142075 0.257319 -0.754020 -0.462170 -0.070611 -0.315059 0.668841 -0.455677
-0.005696 0.145411 0.022954 -0.156987 0.272186 -0.756150 -0.494070 -0.080806 -0.331039 0.662388 -0.482885
-0.005902 0.145580 0.022319 -0.172074 0.286857 -0.758205 -0.525988 -0.091773 -0.347857 0.656596 -0.511742
-0.006103 0.145705 0.021567 -0.188178 0.302274 -0.761042 -0.558884 -0.103685 -0.365630 0.651385 -0.542146
-0.006331 0.145766 0.020720 -0.204736 0.317931 -0.764301 -0.592232 -0.116375 -0.384044 0.646515 -0.573918
-0.006593 0.145716 0.019849 -0.221526 0.333583 -0.767455 -0.625349 -0.129818 -0.402995 0.641912 -0.606927
-0.006909 0.145592 0.018939 -0.238282 0.348940 -0.771351 -0.656865 -0.144024 -0.422415 0.637428 -0.640932
-0.007278 0.145391 0.017976 -0.256744 0.365602 -0.776612 -0.689495 -0.158956 -0.442206 0.633124 -0.675748
-0.007683 0.145110 0.016990 -0.274975 0.381955 -0.782182 -0.720848 -0.174494 -0.462261 0.629849 -0.710498
-0.008098 0.144823 0.016069 -0.292829 0.397819 -0.786405 -0.752756 -0.190722 -0.482577 0.626592 -0.745604
-0.008525 0.144454 0.015247 -0.311042 0.413878 -0.791464 -0.783712 -0.207587 -0.503068 0.623360 -0.780818
-0.008965 0.143972 0.014509 -0.330350 0.430774 -0.797790 -0.814222 -0.224989 -0.523637 0.620274 -0.815955
-0.009384 0.143470 0.013909 -0.350311 0.448141 -0.804725 -0.844222 -0.242923 -0.544296 0.617260 -0.850848
-0.009789 0.142864 0.013439 -0.370839 0.465823 -0.811506 -0.874254 -0.261442 -0.565017 0.613827 -0.885990
-0.010160 0.142180 0.013155 -0.392021 0.483762 -0.819138 -0.902420 -0.279936 -0.585294 0.610599 -0.920071
-0.010478 0.141532 0.013032 -0.413236 0.501561 -0.826217 -0.930026 -0.297979 -0.604741 0.606729 -0.953662
-0.010737 0.140917 0.013051 -0.434354 0.519168 -0.832963 -0.956657 -0.315080 -0.622900 0.602195 -0.986189
-0.010942 0.140378 0.013272 -0.454477 0.535950 -0.838395 -0.982269 -0.332136 -0.641135 0.597735 -1.018049
-0.011094 0.139956 0.013680 -0.474734 0.552868 -0.843356 -1.007954 -0.349394 -0.659887 0.593210 -1.049836
-0.011273 0.139428 0.013940 -0.495501 0.570724 -0.848953 -1.033163 -0.366713 -0.678896 0.588942 -1.081379
-0.011477 0.138857 0.014056 -0.515446 0.588529 -0.853725 -1.057928 -0.384363 -0.698502 0.585511 -1.111944
-0.011709 0.138279 0.014039 -0.533998 0.605964 -0.857236 -1.082403 -0.402462 -0.718759 0.582661 -1.141926
-0.011980 0.137638 0.013789 -0.551280 0.623064 -0.860235 -1.105662 -0.419853 -0.738678 0.579844 -1.171041
-0.012288 0.136937 0.013305 -0.566850 0.639741 -0.862938 -1.126950 -0.435978 -0.757819 0.577042 -1.198609
-0.012600 0.136298 0.012651 -0.580524 0.655661 -0.864484 -1.147450 -0.451455 -0.776775 0.573854 -1.225754
-0.012928 0.135643 0.011780 -0.592602 0.670888 -0.864695 -1.167021 -0.466437 -0.795548 0.571081 -1.251621
-0.013282 0.134954 0.010649 -0.603161 0.685999 -0.863200 -1.186755 -0.481532 -0.815589 0.568969 -1.277076
-0.013662 0.134191 0.009203 -0.612188 0.701296 -0.860393 -1.206423 -0.495401 -0.834811 0.566760 -1.301173
-0.014074 0.133359 0.007357 -0.619477 0.716338 -0.856001 -1.225923 -0.508017 -0.852781 0.564569 -1.323644
-0.014448 0.132666 0.005532 -0.625100 0.730583 -0.849230 -1.245622 -0.518990 -0.869408 0.561672 -1.344164
-0.014776 0.132112 0.003703 -0.629308 0.745233 -0.841561 -1.265163 -0.527681 -0.885674 0.557298 -1.364366
-0.015054 0.131681 0.001894 -0.632011 0.759450 -0.833024 -1.283832 -0.533551 -0.900867 0.551406 -1.383569
-0.015280 0.131398 0.000163 -0.633578 0.773244 -0.823358 -1.302372 -0.537659 -0.915917 0.544205 -1.402253
-0.015461 0.131285 -0.001485 -0.633274 0.787269 -0.811220 -1.322004 -0.540164 -0.930890 0.535797 -1.420420
-0.015627 0.131183 -0.003146 -0.631185 0.801898 -0.797524 -1.342363 -0.541264 -0.946044 0.526777 -1.437715
-0.015777 0.131098 -0.004731 -0.627267 0.817055 -0.782916 -1.362631 -0.540053 -0.961780 0.516627 -1.454786
-0.015903 0.131013 -0.006190 -0.621122 0.832513 -0.767298 -1.382703 -0.535965 -0.977035 0.504757 -1.471420
-0.016017 0.130985 -0.007652 -0.612111 0.848318 -0.749559 -1.402474 -0.529546 -0.992475 0.491350 -1.487837
-0.016102 0.130946 -0.009029 -0.600850 0.864335 -0.730546 -1.421386 -0.519625 -1.009072 0.475169 -1.505287
-0.016169 0.130910 -0.010489 -0.586515 0.880906 -0.710077 -1.439259 -0.505604 -1.026906 0.456437 -1.523877
-0.016213 0.130857 -0.011991 -0.569547 0.896797 -0.687344 -1.456265 -0.488739 -1.043651 0.435728 -1.541685
-0.016232 0.130832 -0.013556 -0.549829 0.912737 -0.661779 -1.472766 -0.469299 -1.059930 0.413250 -1.558794
-0.016203 0.130798 -0.015060 -0.527313 0.928832 -0.633688 -1.488984 -0.446112 -1.075934 0.388381 -1.575706
-0.016130 0.130765 -0.016454 -0.502496 0.944127 -0.603886 -1.503816 -0.419485 -1.091266 0.361351 -1.591763
-0.016030 0.130734 -0.017671 -0.475363 0.958503 -0.571640 -1.517540 -0.388933 -1.105799 0.331510 -1.607635
-0.015883 0.130769 -0.018813 -0.445882 0.972192 -0.536971 -1.530378 -0.355466 -1.119393 0.299472 -1.622653
-0.015673 0.130897 -0.019907 -0.414394 0.984756 -0.499957 -1.541761 -0.319113 -1.131888 0.265208 -1.636894
-0.015371 0.131071 -0.020836 -0.381237 0.995700 -0.461229 -1.551483 -0.279779 -1.143216 0.228627 -1.650343
-0.014951 0.131328 -0.021641 -0.346006 1.005443 -0.420073 -1.560240 -0.239675 -1.152665 0.191425 -1.661539
-0.014414 0.131636 -0.022302 -0.310147 1.013515 -0.378132 -1.567668 -0.200547 -1.159971 0.154872 -1.669943
-0.013751 0.131983 -0.022846 -0.272444 1.020155 -0.334043 -1.574192 -0.159240 -1.166019 0.116512 -1.677563
-0.012975 0.132334 -0.023265 -0.232949 1.025296 -0.288165 -1.580074 -0.116068 -1.170761 0.076580 -1.684310
-0.012111 0.132716 -0.023634 -0.192689 1.029018 -0.240951 -1.584569 -0.073158 -1.173942 0.036801 -1.689655
-0.011169 0.133126 -0.023963 -0.150836 1.031214 -0.191940 -1.588476 -0.030173 -1.175861 -0.002875 -1.694836
-0.010107 0.133605 -0.024322 -0.106591 1.031655 -0.140237 -1.591997 0.015292 -1.176018 -0.044814 -1.699833
-0.008972 0.134060 -0.024627 -0.061206 1.030423 -0.087365 -1.595134 0.060853 -1.174632 -0.087056 -1.703870
-0.007792 0.134467 -0.024855 -0.014962 1.027568 -0.033717 -1.597998 0.106154 -1.171705 -0.129122 -1.707640
-0.006604 0.134802 -0.024991 0.032636 1.022822 0.020779 -1.601346 0.151830 -1.167026 -0.171842 -1.710707
-0.005467 0.135063 -0.024996 0.080218 1.016533 0.075045 -1.604458 0.199447 -1.160264 -0.216490 -1.713809
-0.004420 0.135244 -0.024846 0.128352 1.008865 0.129321 -1.608057 0.247914 -1.152020 -0.262073 -1.717021
-0.003497 0.135359 -0.024360 0.175372 1.000003 0.182334 -1.611385 0.294364 -1.142534 -0.306300 -1.719108
-0.002700 0.135395 -0.023459 0.220664 0.990154 0.233549 -1.614377 0.339194 -1.131656 -0.349660 -1.720077
-0.002033 0.135359 -0.022194 0.264336 0.979734 0.282663 -1.617754 0.383024 -1.119410 -0.392509 -1.720628
-0.001483 0.135219 -0.020638 0.304655 0.969164 0.328183 -1.620818 0.425061 -1.106215 -0.434488 -1.719752
-0.001076 0.134955 -0.018802 0.340035 0.959089 0.368746 -1.622864 0.461829 -1.092982 -0.472256 -1.717501
-0.000813 0.134556 -0.016600 0.372079 0.949529 0.404840 -1.625777 0.496274 -1.079010 -0.507836 -1.716008
-0.000691 0.134048 -0.014140 0.400492 0.940785 0.436055 -1.629586 0.527433 -1.065026 -0.540561 -1.714178
-0.000724 0.133399 -0.011451 0.424474 0.933278 0.461902 -1.633596 0.554316 -1.051650 -0.569085 -1.712699
-0.000890 0.132627 -0.008565 0.445281 0.927072 0.484696 -1.637488 0.576078 -1.039376 -0.593239 -1.711252
-0.001155 0.131737 -0.005482 0.463078 0.922209 0.505030 -1.640634 0.594873 -1.027693 -0.614924 -1.710016
-0.001462 0.130799 -0.002639 0.477321 0.918825 0.522463 -1.643172 0.609970 -1.017429 -0.633833 -1.708724
-0.001810 0.129827 -0.000138 0.487363 0.917519 0.536768 -1.644083 0.620676 -1.009193 -0.649270 -1.707220
-0.002149 0.128884 0.002050 0.494062 0.917972 0.548945 -1.643392 0.627294 -1.003046 -0.661760 -1.704833
-0.002475 0.127988 0.003965 0.496920 0.920360 0.557740 -1.641076 0.630806 -0.998642 -0.671123 -1.702661
-0.002779 0.126935 0.005541 0.496437 0.924458 0.562589 -1.639901 0.632023 -0.995605 -0.677977 -1.702578
-0.003044 0.125776 0.006684 0.491873 0.930268 0.563808 -1.638229 0.630849 -0.994263 -0.682412 -1.703444
-0.003269 0.124507 0.007578 0.484676 0.937004 0.562275 -1.637805 0.628759 -0.993788 -0.685454 -1.707292
-0.003399 0.123121 0.008114 0.471483 0.946051 0.555643 -1.636426 0.622076 -0.995996 -0.684909 -1.711101
-0.003431 0.121610 0.008297 0.452436 0.956835 0.542530 -1.635502 0.609930 -1.001241 -0.679612 -1.714244
-0.003367 0.120177 0.008110 0.427587 0.969169 0.523702 -1.632919 0.590918 -1.009858 -0.668681 -1.713929
-0.003264 0.118726 0.008057 0.395449 0.983309 0.498088 -1.626699 0.566438 -1.020594 -0.652416 -1.713129
-0.003112 0.117270 0.007984 0.356835 0.998199 0.466303 -1.617235 0.536627 -1.032994 -0.630981 -1.710993
-0.002973 0.115807 0.008013 0.313072 1.013249 0.429499 -1.604886 0.506186 -1.045401 -0.607406 -1.712150
-0.002909 0.114241 0.008288 0.264840 1.027880 0.387098 -1.594280 0.476240 -1.057444 -0.583140 -1.717690
-0.002956 0.112781 0.009009 0.211051 1.041788 0.338754 -1.583237 0.441725 -1.070494 -0.554663 -1.722685
-0.003082 0.111550 0.009720 0.153182 1.054592 0.285851 -1.572458 0.400139 -1.085053 -0.520413 -1.724669
-0.003321 0.110515 0.010427 0.089131 1.066566 0.226585 -1.560940 0.349636 -1.101236 -0.479064 -1.721792
-0.003708 0.109739 0.011271 0.023536 1.076033 0.163821 -1.552537 0.292700 -1.116669 -0.432167 -1.715292
-0.004200 0.109323 0.012116 -0.043322 1.083110 0.099688 -1.543002 0.228932 -1.130442 -0.379313 -1.705088
-0.004792 0.109068 0.012972 -0.111429 1.087758 0.033493 -1.534410 0.164990 -1.141679 -0.325214 -1.697496
-0.005472 0.108932 0.013745 -0.176839 1.089502 -0.032269 -1.530259 0.102342 -1.150488 -0.271604 -1.690371
-0.006225 0.108921 0.014611 -0.240271 1.088365 -0.098009 -1.530131 0.040098 -1.156838 -0.217550 -1.684747
-0.007018 0.108987 0.015432 -0.302590 1.084846 -0.164359 -1.533639 -0.026077 -1.162195 -0.160347 -1.675987
-0.007786 0.109189 0.016041 -0.363052 1.078948 -0.228377 -1.536134 -0.096337 -1.166918 -0.100150 -1.663118
-0.008493 0.109517 0.016292 -0.419841 1.070889 -0.288207 -1.537686 -0.164581 -1.169797 -0.041530 -1.649783
-0.009145 0.109875 0.016548 -0.474873 1.060630 -0.345388 -1.537262 -0.232010 -1.170016 0.016571 -1.636754
-0.009697 0.110278 0.016683 -0.525632 1.048913 -0.397054 -1.534310 -0.295751 -1.167775 0.071575 -1.624389
-0.010128 0.110707 0.016654 -0.573117 1.036020 -0.443426 -1.527171 -0.354127 -1.163239 0.122197 -1.614434
-0.010473 0.111102 0.016566 -0.617365 1.022293 -0.486260 -1.519799 -0.405558 -1.156795 0.167113 -1.607642
-0.010737 0.111489 0.016380 -0.658192 1.008008 -0.525337 -1.512231 -0.456659 -1.148369 0.210970 -1.599238
-0.010919 0.111921 0.015987 -0.696279 0.993475 -0.560946 -1.503687 -0.506621 -1.138713 0.253295 -1.590255
-0.011031 0.112359 0.015288 -0.730840 0.978903 -0.592748 -1.495062 -0.554125 -1.127936 0.292969 -1.581269
-0.011087 0.112826 0.014268 -0.762020 0.964529 -0.620958 -1.486399 -0.599123 -1.116244 0.330006 -1.572341
-0.011098 0.113358 0.012992 -0.789651 0.950741 -0.645532 -1.477907 -0.643128 -1.103435 0.365504 -1.562183
-0.011080 0.113977 0.011554 -0.813839 0.937839 -0.666875 -1.469996 -0.686008 -1.090026 0.399510 -1.550847
-0.011028 0.114614 0.009874 -0.834577 0.925874 -0.684856 -1.462191 -0.724865 -1.076497 0.429991 -1.540295
-0.010960 0.115294 0.008079 -0.852711 0.914863 -0.700448 -1.454580 -0.760770 -1.062993 0.457948 -1.530107
-0.010870 0.116007 0.006241 -0.868344 0.904969 -0.713847 -1.447297 -0.793592 -1.049811 0.483365 -1.520391
-0.010760 0.116695 0.004360 -0.881873 0.896113 -0.725493 -1.440312 -0.822975 -1.037289 0.506086 -1.511498
-0.010626 0.117307 0.002480 -0.893478 0.888312 -0.735477 -1.433460 -0.847832 -1.025980 0.525516 -1.504625
-0.010469 0.117882 0.000716 -0.903243 0.881715 -0.744070 -1.427286 -0.869790 -1.015753 0.542852 -1.498811
-0.010304 0.118425 -0.000812 -0.910856 0.876638 -0.751129 -1.422155 -0.888741 -1.006917 0.558023 -1.493857
-0.010135 0.118885 -0.002055 -0.916425 0.873122 -0.756813 -1.418197 -0.904783 -0.999652 0.571164 -1.489849
-0.009964 0.119256 -0.003021 -0.920166 0.871094 -0.761354 -1.415383 -0.917438 -0.994389 0.582041 -1.487442
-0.009795 0.119516 -0.003769 -0.922301 0.870418 -0.764779 -1.413398 -0.927661 -0.990785 0.591342 -1.486076
-0.009639 0.119682 -0.004174 -0.922048 0.871626 -0.766598 -1.413014 -0.934949 -0.989189 0.598595 -1.485601
-0.009491 0.119736 -0.004327 -0.919706 0.874401 -0.766988 -1.414219 -0.939448 -0.989528 0.603958 -1.486341
-0.009362 0.119701 -0.004278 -0.915581 0.878425 -0.766030 -1.416337 -0.941458 -0.991530 0.607594 -1.488131
-0.009258 0.119601 -0.004014 -0.909888 0.883484 -0.763790 -1.419229 -0.941538 -0.994827 0.609864 -1.490701
-0.009195 0.119457 -0.003532 -0.901612 0.890165 -0.759761 -1.423752 -0.938320 -1.000199 0.609898 -1.494589
-0.009170 0.119276 -0.002996 -0.891676 0.897750 -0.754388 -1.428674 -0.932695 -1.006959 0.608303 -1.499423
-0.009181 0.119096 -0.002442 -0.879534 0.906464 -0.747272 -1.434144 -0.925170 -1.014664 0.605350 -1.504920
-0.009217 0.118939 -0.001934 -0.864730 0.916411 -0.738084 -1.440652 -0.916034 -1.023093 0.601327 -1.510005
-0.009272 0.118824 -0.001523 -0.846631 0.927679 -0.726241 -1.448273 -0.902975 -1.033325 0.594652 -1.516345
-0.009327 0.118783 -0.001236 -0.826103 0.939635 -0.712149 -1.456285 -0.887041 -1.044561 0.585880 -1.523329
-0.009377 0.118846 -0.001069 -0.802440 0.952340 -0.695203 -1.465097 -0.868445 -1.056537 0.575109 -1.530307
-0.009415 0.118986 -0.001030 -0.776193 0.965373 -0.675819 -1.474429 -0.845593 -1.069660 0.561201 -1.538095
-0.009456 0.119284 -0.001010 -0.746963 0.978811 -0.653476 -1.484288 -0.817092 -1.084226 0.542922 -1.547926
-0.009508 0.119760 -0.000932 -0.714484 0.992707 -0.627934 -1.494712 -0.784468 -1.099541 0.521310 -1.558321
-0.009566 0.120434 -0.000788 -0.679524 1.006337 -0.599519 -1.504952 -0.748273 -1.114774 0.496499 -1.568783
-0.009634 0.121321 -0.000564 -0.641668 1.019807 -0.567935 -1.515398 -0.707022 -1.130135 0.467384 -1.580110
-0.009706 0.122455 -0.000261 -0.602521 1.032456 -0.534242 -1.525054 -0.662378 -1.145301 0.435211 -1.591544
-0.009766 0.123805 0.000080 -0.561362 1.044040 -0.497705 -1.533842 -0.613011 -1.160154 0.398805 -1.604031
-0.009795 0.125370 0.000455 -0.518647 1.054105 -0.458560 -1.541518 -0.561036 -1.173192 0.359439 -1.615699
-0.009795 0.127150 0.000923 -0.473676 1.062925 -0.416413 -1.548658 -0.507119 -1.184740 0.317732 -1.626071
-0.009764 0.129044 0.001504 -0.427090 1.070059 -0.371727 -1.554703 -0.452512 -1.194719 0.274625 -1.634660
-0.009688 0.131114 0.002308 -0.377588 1.075479 -0.323209 -1.559695 -0.395038 -1.202220 0.228243 -1.642356
-0.009559 0.133217 0.003273 -0.326503 1.079092 -0.272399 -1.564030 -0.338631 -1.206970 0.181858 -1.646894
-0.009356 0.135345 0.004334 -0.274008 1.080804 -0.219539 -1.567858 -0.283080 -1.209875 0.135485 -1.648982
-0.009077 0.137408 0.005441 -0.220457 1.080464 -0.165016 -1.571087 -0.225045 -1.210239 0.086806 -1.651116
-0.008685 0.139396 0.006651 -0.167308 1.078215 -0.109949 -1.572972 -0.164951 -1.207521 0.036266 -1.653501
-0.008208 0.141129 0.007905 -0.114687 1.074476 -0.054921 -1.574151 -0.103586 -1.202527 -0.015369 -1.655211
-0.007637 0.142644 0.009255 -0.061990 1.068549 0.000473 -1.574955 -0.041586 -1.194872 -0.067527 -1.657073
-0.007010 0.143821 0.010714 -0.009867 1.060542 0.055522 -1.575197 0.021335 -1.184136 -0.120198 -1.659858
-0.006341 0.144617 0.012278 0.040599 1.050884 0.108974 -1.575057 0.082916 -1.171694 -0.171692 -1.662708
-0.005676 0.145099 0.013870 0.089029 1.039730 0.160028 -1.575378 0.143286 -1.157992 -0.222352 -1.665005
-0.005031 0.145291 0.015580 0.136308 1.026332 0.209665 -1.576186 0.199676 -1.142537 -0.269925 -1.666238
-0.004431 0.145257 0.017513 0.180977 1.011854 0.256829 -1.576631 0.254484 -1.125252 -0.316326 -1.667436
-0.003906 0.144993 0.019758 0.222678 0.996665 0.301096 -1.576809 0.308714 -1.106085 -0.362302 -1.669467
-0.003461 0.144565 0.022420 0.261628 0.980809 0.342745 -1.576813 0.358777 -1.085331 -0.405336 -1.669752
-0.003146 0.143962 0.025467 0.299322 0.964106 0.382868 -1.577528 0.403886 -1.063163 -0.444483 -1.668960
-0.002962 0.143248 0.028746 0.334934 0.947571 0.420712 -1.578751 0.444864 -1.040540 -0.480438 -1.667886
-0.002961 0.142405 0.032109 0.366316 0.932019 0.454332 -1.579837 0.480365 -1.018389 -0.512167 -1.665442
-0.003138 0.141548 0.035394 0.393342 0.917812 0.483539 -1.580989 0.509174 -0.997796 -0.538798 -1.660966
-0.003489 0.140722 0.038425 0.416682 0.905001 0.509003 -1.582147 0.534211 -0.978159 -0.562373 -1.656270
-0.003960 0.139937 0.041176 0.435923 0.893944 0.530840 -1.582201 0.555980 -0.959638 -0.582982 -1.652980
-0.004540 0.139153 0.043379 0.448814 0.885931 0.546411 -1.581546 0.572659 -0.943551 -0.599345 -1.649532
-0.005175 0.138368 0.044898 0.457696 0.880075 0.557382 -1.581566 0.584433 -0.930178 -0.611472 -1.646398
-0.005827 0.137559 0.045673 0.461924 0.876774 0.563454 -1.581503 0.590837 -0.920127 -0.619065 -1.643617
-0.006470 0.136719 0.045681 0.460750 0.876396 0.563790 -1.581460 0.591090 -0.914180 -0.621459 -1.641309
-0.007079 0.135882 0.044938 0.453325 0.879299 0.557502 -1.581490 0.584739 -0.912879 -0.618699 -1.637980
-0.007619 0.135120 0.043722 0.440889 0.884384 0.546050 -1.581522 0.573186 -0.915145 -0.611831 -1.634649
-0.008077 0.134475 0.042237 0.422423 0.891768 0.529006 -1.580524 0.556152 -0.920834 -0.600678 -1.631478
-0.008446 0.133960 0.040598 0.398462 0.900887 0.506715 -1.579056 0.534182 -0.929294 -0.585664 -1.628367
-0.008737 0.133574 0.038950 0.368846 0.911396 0.479273 -1.576735 0.507544 -0.939904 -0.567011 -1.625151
-0.008974 0.133337 0.037343 0.333862 0.922780 0.446816 -1.573983 0.476196 -0.952143 -0.544665 -1.621626
-0.009174 0.133243 0.035853 0.293504 0.934609 0.409722 -1.570032 0.440434 -0.965382 -0.518729 -1.617889
-0.009346 0.133327 0.034467 0.249109 0.946388 0.369371 -1.564758 0.399797 -0.979372 -0.488900 -1.613319
-0.009521 0.133587 0.033176 0.200419 0.957410 0.325339 -1.558335 0.355052 -0.993289 -0.455635 -1.607703
-0.009707 0.134023 0.031933 0.148204 0.967220 0.278238 -1.550847 0.306325 -1.006678 -0.418933 -1.600727
-0.009907 0.134587 0.030725 0.093088 0.975420 0.228769 -1.541833 0.255294 -1.019057 -0.379873 -1.593080
-0.010131 0.135254 0.029501 0.035901 0.981773 0.177449 -1.531625 0.201020 -1.030175 -0.337813 -1.583557
-0.010381 0.135923 0.028209 -0.023331 0.985670 0.124111 -1.520443 0.145776 -1.039492 -0.294310 -1.572937
-0.010636 0.136618 0.026893 -0.083285 0.987432 0.070190 -1.507733 0.090807 -1.047108 -0.250410 -1.561621
-0.010885 0.137314 0.025529 -0.143377 0.986987 0.016299 -1.493279 0.034165 -1.052887 -0.204733 -1.548059
-0.011116 0.137996 0.024089 -0.203021 0.984449 -0.036951 -1.476836 -0.023622 -1.056614 -0.157715 -1.532186
-0.011321 0.138675 0.022612 -0.261763 0.979875 -0.089061 -1.458294 -0.081903 -1.058283 -0.109973 -1.514100
-0.011505 0.139340 0.021057 -0.320241 0.973594 -0.140577 -1.437372 -0.141314 -1.057615 -0.061206 -1.492901
-0.011658 0.139971 0.019419 -0.376923 0.965662 -0.189933 -1.414230 -0.202475 -1.054373 -0.011136 -1.468119
-0.011782 0.140598 0.017708 -0.431584 0.956338 -0.236692 -1.388775 -0.262512 -1.049060 0.037977 -1.441323
-0.011876 0.141244 0.015930 -0.484003 0.945741 -0.280459 -1.361125 -0.323378 -1.041642 0.087087 -1.410831
-0.011937 0.141934 0.014005 -0.534049 0.934071 -0.320822 -1.331193 -0.382462 -1.032390 0.134315 -1.378571
-0.011956 0.142792 0.012052 -0.579808 0.921895 -0.356220 -1.300175 -0.440629 -1.021616 0.179913 -1.343993
-0.011944 0.143793 0.010035 -0.623237 0.908876 -0.387896 -1.267076 -0.498912 -1.009346 0.224529 -1.306481
-0.011910 0.144961 0.008025 -0.664317 0.895056 -0.415807 -1.232205 -0.554586 -0.995857 0.265994 -1.267790
-0.011860 0.146313 0.006136 -0.702655 0.880859 -0.439896 -1.196539 -0.606758 -0.981690 0.303666 -1.228896
-0.011802 0.147802 0.004396 -0.737653 0.866762 -0.460144 -1.161310 -0.654937 -0.967364 0.337376 -1.190714
-0.011762 0.149373 0.002812 -0.771265 0.851913 -0.476884 -1.123906 -0.698925 -0.952807 0.366543 -1.152679
-0.011746 0.150984 0.001421 -0.802824 0.836925 -0.489978 -1.085543 -0.737579 -0.938637 0.390347 -1.115783
-0.011767 0.152595 0.000230 -0.832440 0.822037 -0.499480 -1.046324 -0.773198 -0.924651 0.410491 -1.078794
-0.011840 0.154144 -0.000804 -0.860559 0.807134 -0.505357 -1.005724 -0.805334 -0.911108 0.426768 -1.042137
-0.011988 0.155576 -0.001641 -0.887779 0.792016 -0.507527 -0.963052 -0.835390 -0.897759 0.439987 -1.004524
-0.012209 0.156816 -0.002354 -0.913766 0.777342 -0.506718 -0.919569 -0.862561 -0.885425 0.450591 -0.967622
-0.012514 0.157832 -0.002902 -0.937836 0.763627 -0.502870 -0.876389 -0.886817 -0.874443 0.458891 -0.931833
-0.012903 0.158579 -0.003322 -0.959951 0.751213 -0.496367 -0.833913 -0.908352 -0.864974 0.465311 -0.897355
-0.013359 0.159048 -0.003652 -0.980749 0.740040 -0.487648 -0.791490 -0.927859 -0.856985 0.470319 -0.863600
-0.013860 0.159274 -0.003922 -1.000769 0.730057 -0.477664 -0.749005 -0.946017 -0.850354 0.474273 -0.830010
-0.014376 0.159308 -0.004052 -1.018376 0.722415 -0.467133 -0.709804 -0.961732 -0.845823 0.476830 -0.798482
-0.014904 0.159091 -0.004247 -1.033990 0.716979 -0.455307 -0.672576 -0.975219 -0.842989 0.478441 -0.769223
-0.015422 0.158598 -0.004558 -1.047615 0.713730 -0.442296 -0.637504 -0.986422 -0.842186 0.478946 -0.742161
-0.015916 0.157852 -0.004960 -1.058713 0.713120 -0.429269 -0.606088 -0.994992 -0.843371 0.478445 -0.718266
-0.016364 0.156815 -0.005498 -1.066784 0.715574 -0.415377 -0.578596 -1.000337 -0.847086 0.476643 -0.698180
-0.016762 0.155466 -0.006226 -1.072707 0.720541 -0.400019 -0.553071 -1.003534 -0.852569 0.473604 -0.680319
-0.017081 0.153950 -0.006992 -1.076711 0.727937 -0.384942 -0.530347 -1.004490 -0.860223 0.468858 -0.664481
-0.017312 0.152271 -0.007723 -1.078734 0.737838 -0.370529 -0.510559 -1.003315 -0.869729 0.462549 -0.650765
-0.017465 0.150389 -0.008457 -1.078719 0.750175 -0.355900 -0.493302 -0.999791 -0.881331 0.454441 -0.638969
-0.017556 0.148329 -0.009167 -1.076604 0.764893 -0.341418 -0.478487 -0.994117 -0.894618 0.444838 -0.629036
-0.017601 0.146075 -0.009872 -1.072392 0.781788 -0.326071 -0.465449 -0.986659 -0.908965 0.433474 -0.620292
-0.017598 0.143738 -0.010371 -1.066593 0.800049 -0.311262 -0.454696 -0.977884 -0.924180 0.420575 -0.612285
-0.017562 0.141386 -0.010671 -1.058987 0.820020 -0.296554 -0.445914 -0.966995 -0.941011 0.406265 -0.605511
-0.017496 0.139047 -0.010778 -1.049542 0.841566 -0.282299 -0.438945 -0.953934 -0.959602 0.390334 -0.599545
-0.017403 0.136807 -0.010615 -1.038815 0.863878 -0.267630 -0.433307 -0.938755 -0.979599 0.372794 -0.594312
-0.017293 0.134724 -0.010195 -1.027279 0.886183 -0.252213 -0.428703 -0.920932 -1.001293 0.353695 -0.590074
-0.017187 0.132695 -0.009718 -1.013298 0.909923 -0.235114 -0.425084 -0.900544 -1.023934 0.333313 -0.586893
-0.017087 0.130738 -0.009249 -0.997107 0.934290 -0.215969 -0.422253 -0.877910 -1.047023 0.310682 -0.583725
-0.016991 0.128892 -0.008788 -0.978716 0.958980 -0.193832 -0.419855 -0.853067 -1.070038 0.285678 -0.580498
-0.016896 0.127139 -0.008406 -0.958107 0.983720 -0.170011 -0.418207 -0.826659 -1.092599 0.258820 -0.577042
-0.016798 0.125525 -0.008086 -0.935334 1.008342 -0.142997 -0.416595 -0.797430 -1.115451 0.229255 -0.573536
-0.016679 0.124032 -0.007866 -0.909831 1.033337 -0.112578 -0.415055 -0.764032 -1.139245 0.195332 -0.569584
-0.016530 0.122695 -0.007733 -0.881938 1.058000 -0.078836 -0.413417 -0.728178 -1.162285 0.157971 -0.564822
-0.016338 0.121528 -0.007705 -0.851480 1.082170 -0.040518 -0.411252 -0.689998 -1.184370 0.116992 -0.559097
-0.016098 0.120537 -0.007827 -0.816968 1.106628 0.001651 -0.409402 -0.648552 -1.205514 0.071322 -0.552272
-0.015800 0.119684 -0.008084 -0.776594 1.131950 0.045455 -0.409380 -0.605486 -1.224822 0.021707 -0.543898
-0.015457 0.118939 -0.008427 -0.734726 1.155326 0.091486 -0.409217 -0.560682 -1.242242 -0.030776 -0.534884
-0.015070 0.118296 -0.008908 -0.689820 1.177429 0.141561 -0.408794 -0.514046 -1.258140 -0.086684 -0.524837
-0.014645 0.117723 -0.009544 -0.641941 1.198115 0.194545 -0.408479 -0.465751 -1.272364 -0.145607 -0.513984
-0.014178 0.117192 -0.010323 -0.592193 1.217066 0.253157 -0.406907 -0.416352 -1.285242 -0.206853 -0.502410
-0.013662 0.116646 -0.011282 -0.541904 1.234085 0.316431 -0.404112 -0.368007 -1.296275 -0.267507 -0.490788
-0.013094 0.116124 -0.012462 -0.487640 1.249272 0.385487 -0.400925 -0.323065 -1.305174 -0.326050 -0.478887
-0.012475 0.115558 -0.013799 -0.430905 1.262371 0.458426 -0.397486 -0.277605 -1.312417 -0.386506 -0.466433
-0.011819 0.114910 -0.015241 -0.372053 1.273210 0.534782 -0.393761 -0.231817 -1.318099 -0.448793 -0.453394
-0.011145 0.114146 -0.016728 -0.311293 1.281290 0.612740 -0.390193 -0.185875 -1.321906 -0.513100 -0.439664
-0.010471 0.113278 -0.018173 -0.249198 1.286069 0.692695 -0.386173 -0.137931 -1.324034 -0.582034 -0.424780
-0.009803 0.112298 -0.019487 -0.185974 1.288842 0.775672 -0.381707 -0.087359 -1.324217 -0.658128 -0.407605
-0.009158 0.111213 -0.020516 -0.123329 1.289287 0.859440 -0.376948 -0.037280 -1.322894 -0.735224 -0.390097
-0.008535 0.110053 -0.021106 -0.061940 1.287561 0.943414 -0.371981 0.012245 -1.320088 -0.812891 -0.372311
-0.007942 0.108870 -0.021226 -0.001023 1.283893 1.024660 -0.367817 0.062088 -1.315940 -0.892707 -0.353955
-0.007391 0.107706 -0.020863 0.059439 1.278765 1.100744 -0.365125 0.113207 -1.310491 -0.975668 -0.334797
-0.006908 0.106511 -0.019711 0.115912 1.271753 1.172998 -0.362434 0.166973 -1.303685 -1.062724 -0.315319
-0.006510 0.105294 -0.017706 0.169262 1.263298 1.242443 -0.359670 0.219413 -1.295653 -1.148958 -0.296128
-0.006201 0.104067 -0.014816 0.218443 1.253896 1.307592 -0.356904 0.271016 -1.286204 -1.230715 -0.277217
-0.005979 0.102843 -0.010895 0.262633 1.243696 1.358548 -0.353257 0.320662 -1.275346 -1.294562 -0.259132
-0.005857 0.101640 -0.005859 0.301230 1.232919 1.394604 -0.348163 0.367155 -1.263239 -1.337350 -0.242421
-0.005844 0.100543 0.000050 0.336323 1.221939 1.418522 -0.343071 0.409006 -1.250243 -1.357934 -0.227629
-0.005954 0.099607 0.006711 0.367968 1.211008 1.431658 -0.337886 0.449532 -1.235810 -1.358904 -0.213809
-0.006210 0.098872 0.013993 0.396991 1.200072 1.433275 -0.332559 0.487818 -1.220337 -1.343438 -0.201232
-0.006634 0.098317 0.021789 0.422676 1.189723 1.427431 -0.326653 0.523765 -1.203989 -1.311606 -0.190123
-0.007240 0.097916 0.030024 0.445858 1.179951 1.415698 -0.320115 0.557196 -1.186903 -1.265701 -0.180494
-0.008019 0.097699 0.038272 0.465839 1.171206 1.396377 -0.313567 0.587538 -1.169569 -1.204596 -0.172374
-0.008939 0.097642 0.046222 0.482794 1.163593 1.369968 -0.307223 0.615077 -1.152258 -1.131788 -0.165406
-0.010001 0.097741 0.053689 0.497715 1.156765 1.338286 -0.300900 0.639173 -1.135239 -1.051450 -0.159890
-0.011167 0.097995 0.060361 0.510136 1.150946 1.311746 -0.295227 0.659568 -1.118972 -0.976761 -0.155554
-0.012367 0.098369 0.065933 0.519618 1.146377 1.292865 -0.290331 0.676309 -1.103930 -0.909771 -0.152270
-0.013541 0.098757 0.070447 0.526856 1.142618 1.277918 -0.285859 0.689867 -1.090244 -0.852058 -0.149811
-0.014650 0.099138 0.074032 0.531969 1.139608 1.267052 -0.281782 0.700176 -1.078212 -0.809210 -0.147854
-0.015629 0.099404 0.076544 0.533986 1.137763 1.261337 -0.278459 0.707296 -1.068288 -0.777638 -0.146045
-0.016448 0.099531 0.078034 0.533481 1.136734 1.259757 -0.275828 0.711367 -1.060577 -0.758715 -0.144306
-0.017094 0.099538 0.078615 0.530424 1.136458 1.262345 -0.273957 0.712356 -1.055217 -0.751966 -0.142482
-0.017576 0.099455 0.078483 0.524970 1.136877 1.268966 -0.272683 0.710420 -1.052024 -0.759906 -0.140619
-0.017917 0.099293 0.077789 0.517027 1.137982 1.279118 -0.271883 0.705526 -1.050879 -0.777855 -0.138897
-0.018108 0.099071 0.076592 0.506530 1.139939 1.293710 -0.271564 0.698244 -1.051790 -0.808833 -0.137186
-0.018184 0.098809 0.075040 0.493591 1.142746 1.312686 -0.271647 0.688653 -1.054618 -0.851444 -0.135553
-0.018197 0.098541 0.073249 0.477999 1.146466 1.335616 -0.272087 0.676809 -1.059080 -0.906269 -0.134133
-0.018187 0.098318 0.071253 0.459822 1.151138 1.362592 -0.272902 0.662451 -1.065214 -0.970485 -0.132947
-0.018161 0.098122 0.068925 0.439575 1.156583 1.391952 -0.274077 0.645904 -1.072827 -1.039080 -0.132387
-0.018194 0.098092 0.066434 0.417187 1.162717 1.420159 -0.275552 0.626920 -1.081613 -1.113361 -0.132560
-0.018299 0.098254 0.063799 0.392658 1.169478 1.441887 -0.277331 0.605528 -1.091395 -1.191752 -0.133613
-0.018473 0.098607 0.060977 0.367051 1.176570 1.456046 -0.279610 0.582443 -1.101752 -1.255763 -0.135861
-0.018698 0.099099 0.058001 0.341131 1.183717 1.460700 -0.282736 0.558641 -1.112224 -1.301007 -0.139829
-0.018987 0.099815 0.054827 0.312844 1.191222 1.457394 -0.286316 0.532114 -1.123334 -1.333918 -0.144720
-0.019325 0.100726 0.051616 0.282644 1.198791 1.445882 -0.290300 0.503212 -1.134792 -1.351740 -0.150534
-0.019693 0.101825 0.048391 0.250621 1.206238 1.425896 -0.294679 0.471873 -1.146434 -1.355164 -0.157112
-0.020071 0.103088 0.045231 0.215896 1.213477 1.397405 -0.299155 0.437378 -1.158308 -1.343772 -0.164040
-0.020461 0.104505 0.042167 0.177640 1.220406 1.361148 -0.303353 0.398841 -1.170342 -1.319919 -0.170710
-0.020860 0.106002 0.039289 0.136900 1.226921 1.315781 -0.307855 0.357522 -1.182226 -1.282226 -0.178014
-0.021249 0.107488 0.036533 0.095562 1.232733 1.263738 -0.312815 0.314065 -1.193444 -1.230664 -0.185652
-0.021631 0.108920 0.033872 0.054910 1.237776 1.209055 -0.318596 0.269580 -1.203723 -1.163604 -0.194036
-0.022000 0.110312 0.031349 0.012127 1.242143 1.156015 -0.323774 0.222666 -1.213245 -1.099890 -0.202333
-0.022357 0.111728 0.028927 -0.032464 1.245898 1.106969 -0.327913 0.172853 -1.222123 -1.041484 -0.210177
-0.022687 0.113000 0.026642 -0.077269 1.248479 1.057843 -0.331853 0.122444 -1.229393 -0.985055 -0.217969
-0.022994 0.114122 0.024449 -0.123853 1.249805 1.008478 -0.335248 0.072016 -1.235265 -0.928833 -0.226297
-0.023278 0.115072 0.022355 -0.173005 1.249596 0.959963 -0.337666 0.020032 -1.239545 -0.874074 -0.234267
-0.023554 0.115812 0.020269 -0.221412 1.248004 0.908716 -0.340456 -0.031532 -1.241984 -0.818958 -0.242748
-0.023826 0.116242 0.018159 -0.267889 1.244987 0.854159 -0.343955 -0.080581 -1.242487 -0.762941 -0.251991
-0.024091 0.116475 0.016007 -0.313798 1.240707 0.800262 -0.347184 -0.127659 -1.241694 -0.709883 -0.260954
-0.024324 0.116616 0.013833 -0.359855 1.235244 0.747990 -0.349878 -0.174936 -1.239214 -0.658392 -0.269644
-0.024516 0.116686 0.011707 -0.406195 1.228787 0.699166 -0.351585 -0.222074 -1.235385 -0.609325 -0.278049
-0.024671 0.116585 0.009576 -0.451115 1.221196 0.649699 -0.353605 -0.267915 -1.230142 -0.561491 -0.286567
-0.024790 0.116317 0.007462 -0.495501 1.212444 0.597126 -0.356462 -0.312463 -1.223601 -0.514124 -0.295613
-0.024866 0.115956 0.005455 -0.536880 1.203198 0.544965 -0.360003 -0.355401 -1.215874 -0.467061 -0.305306
-0.024925 0.115436 0.003541 -0.573498 1.193969 0.493668 -0.364592 -0.395565 -1.207774 -0.423538 -0.314578
-0.024975 0.114777 0.001679 -0.604471 1.185124 0.442295 -0.370694 -0.430508 -1.199755 -0.380095 -0.325765
-0.025011 0.114415 0.000062 -0.633596 1.175785 0.394651 -0.376582 -0.463207 -1.191292 -0.339011 -0.337102
-0.025021 0.114439 -0.001238 -0.661008 1.166007 0.351839 -0.381771 -0.494914 -1.182231 -0.299909 -0.348408
-0.025020 0.114954 -0.002212 -0.687645 1.155392 0.313776 -0.385757 -0.526623 -1.172432 -0.261491 -0.360268
-0.025020 0.115867 -0.002836 -0.713742 1.143866 0.280525 -0.388558 -0.555724 -1.162360 -0.224664 -0.372780
-0.025024 0.117175 -0.003137 -0.739994 1.131199 0.251436 -0.390261 -0.583325 -1.151884 -0.192458 -0.383834
-0.025009 0.118372 -0.003272 -0.764069 1.118658 0.228957 -0.390682 -0.607181 -1.142208 -0.162811 -0.395703
-0.024976 0.119414 -0.003332 -0.786128 1.106243 0.210884 -0.390867 -0.627107 -1.133576 -0.137009 -0.407971
-0.024916 0.120245 -0.003381 -0.807216 1.093855 0.195546 -0.390869 -0.644794 -1.125571 -0.115406 -0.419098
-0.024819 0.120950 -0.003460 -0.828024 1.081232 0.182065 -0.390653 -0.662567 -1.117464 -0.095616 -0.430064
-0.024706 0.121734 -0.003433 -0.848539 1.068365 0.170371 -0.390207 -0.681197 -1.109085 -0.078963 -0.439413
-0.024585 0.122499 -0.003379 -0.866684 1.056704 0.158664 -0.391263 -0.698945 -1.101217 -0.065239 -0.447483
-0.024468 0.123239 -0.003238 -0.882377 1.046423 0.148925 -0.392822 -0.715390 -1.094053 -0.053982 -0.454418
-0.024360 0.123787 -0.003037 -0.894493 1.038371 0.138695 -0.396017 -0.729100 -1.088462 -0.045527 -0.460940
-0.024240 0.124174 -0.002810 -0.903079 1.032702 0.128625 -0.400983 -0.740235 -1.084508 -0.039784 -0.466598
-0.024090 0.124155 -0.002636 -0.908310 1.029510 0.118373 -0.407658 -0.748412 -1.082535 -0.034999 -0.473198
-0.023938 0.124288 -0.002295 -0.911620 1.028295 0.106529 -0.415657 -0.755698 -1.081672 -0.032851 -0.478405
-0.023782 0.124568 -0.001760 -0.912602 1.029479 0.096923 -0.423497 -0.762177 -1.081973 -0.033447 -0.482068
-0.023628 0.125077 -0.000987 -0.911755 1.032633 0.091171 -0.430710 -0.766432 -1.083735 -0.035973 -0.485583
-0.023491 0.125770 0.000084 -0.908632 1.038119 0.088553 -0.437234 -0.767688 -1.087562 -0.041090 -0.488495
-0.023331 0.126474 0.001295 -0.902867 1.046251 0.089356 -0.443027 -0.765661 -1.093407 -0.048972 -0.490821
-0.023140 0.126897 0.002574 -0.894931 1.056021 0.095171 -0.446803 -0.759964 -1.101242 -0.058684 -0.493269
-0.022914 0.127052 0.003837 -0.885230 1.067013 0.102467 -0.450044 -0.750275 -1.111224 -0.070006 -0.496152
-0.022652 0.126917 0.005049 -0.873208 1.079319 0.110752 -0.453208 -0.737407 -1.122796 -0.083601 -0.498189
-0.022338 0.126572 0.006201 -0.858731 1.092884 0.121360 -0.455363 -0.722135 -1.135432 -0.099538 -0.499427
-0.022000 0.126275 0.007336 -0.842114 1.107380 0.135218 -0.456059 -0.705420 -1.148490 -0.116867 -0.499581
-0.021607 0.126117 0.008390 -0.822892 1.122647 0.151939 -0.456105 -0.685684 -1.162430 -0.136345 -0.499221
-0.021148 0.126136 0.009369 -0.801182 1.138296 0.171477 -0.455503 -0.662973 -1.176895 -0.157236 -0.498743
-0.020625 0.126388 0.010225 -0.778305 1.153642 0.193987 -0.453732 -0.636744 -1.192015 -0.181113 -0.497753
-0.020057 0.126745 0.010990 -0.752576 1.169050 0.220254 -0.451440 -0.606676 -1.207326 -0.207666 -0.496433
-0.019449 0.127196 0.011684 -0.723267 1.184364 0.249881 -0.449057 -0.571624 -1.222882 -0.238149 -0.494795
-0.018831 0.127698 0.012310 -0.690751 1.199454 0.283435 -0.446370 -0.533538 -1.237927 -0.271892 -0.492393
-0.018194 0.128250 0.012894 -0.653561 1.214661 0.322480 -0.443290 -0.492486 -1.252165 -0.310110 -0.488667
-0.017514 0.128883 0.013432 -0.611089 1.229450 0.369838 -0.439027 -0.449212 -1.265112 -0.351651 -0.484059
-0.016843 0.129534 0.013895 -0.565567 1.243208 0.421233 -0.434484 -0.402599 -1.277031 -0.396673 -0.479055
-0.016181 0.130172 0.014321 -0.517662 1.255988 0.474638 -0.430181 -0.353295 -1.288048 -0.444494 -0.473767
-0.015537 0.130753 0.014679 -0.467093 1.267359 0.531926 -0.425603 -0.302169 -1.297324 -0.495770 -0.467559
-0.014941 0.131193 0.014961 -0.413783 1.277206 0.593333 -0.420725 -0.250674 -1.304859 -0.551205 -0.459357
-0.014416 0.131414 0.015214 -0.356660 1.286001 0.657901 -0.416225 -0.198156 -1.310501 -0.609466 -0.450248
-0.013914 0.131677 0.015466 -0.297892 1.292818 0.725584 -0.411599 -0.146778 -1.314137 -0.669104 -0.440185
-0.013457 0.131957 0.015824 -0.238873 1.297305 0.796178 -0.406442 -0.097751 -1.315598 -0.729067 -0.429252
-0.013056 0.132264 0.016422 -0.179506 1.299763 0.868603 -0.401198 -0.048328 -1.315226 -0.791551 -0.417689
-0.012734 0.132612 0.017357 -0.121495 1.300073 0.941133 -0.395965 0.002148 -1.312754 -0.854800 -0.406595
-0.012509 0.133056 0.018728 -0.066538 1.298204 1.012130 -0.390857 0.052527 -1.308401 -0.919917 -0.395055
-0.012386 0.133505 0.020635 -0.013065 1.294720 1.083232 -0.385758 0.103236 -1.302000 -0.987805 -0.382777
-0.012367 0.133998 0.023384 0.041058 1.289409 1.157675 -0.380502 0.155493 -1.293474 -1.063966 -0.368550
-0.012479 0.134526 0.027134 0.093112 1.282549 1.231806 -0.375427 0.207748 -1.282917 -1.143121 -0.353856
-0.012723 0.135156 0.032028 0.142389 1.274371 1.293455 -0.370625 0.260923 -1.270271 -1.211027 -0.339449
-0.013101 0.135925 0.038155 0.188602 1.265170 1.341924 -0.366115 0.313586 -1.255570 -1.262114 -0.324981
-0.013636 0.136720 0.045259 0.231835 1.255185 1.378957 -0.362073 0.366117 -1.238805 -1.297302 -0.310530
-0.014346 0.137611 0.053300 0.271246 1.245045 1.405255 -0.358401 0.418270 -1.219908 -1.319703 -0.296711
-0.015216 0.138625 0.062206 0.306756 1.235027 1.421694 -0.355079 0.467939 -1.199443 -1.326223 -0.283942
-0.016215 0.139707 0.071628 0.338940 1.225204 1.429923 -0.352208 0.513620 -1.178041 -1.317731 -0.271756
-0.017400 0.140834 0.081669 0.367386 1.215973 1.429634 -0.349720 0.556434 -1.155534 -1.294736 -0.260862
-0.018783 0.142063 0.092414 0.391749 1.207692 1.420545 -0.347446 0.595354 -1.132559 -1.257341 -0.251522
-0.020346 0.143313 0.103151 0.411309 1.200773 1.401752 -0.345705 0.630185 -1.109246 -1.203157 -0.245002
-0.022051 0.144547 0.113460 0.427607 1.195014 1.375239 -0.344371 0.660777 -1.086380 -1.135355 -0.239896
-0.023906 0.145745 0.123258 0.440763 1.190588 1.352115 -0.343361 0.687202 -1.064358 -1.068545 -0.236119
-0.025818 0.146847 0.131996 0.451535 1.187300 1.334184 -0.342788 0.709278 -1.043996 -1.009284 -0.233505
-0.027733 0.147854 0.139655 0.460186 1.185088 1.319330 -0.342436 0.727529 -1.025465 -0.957999 -0.231807
-0.029560 0.148584 0.145789 0.467374 1.183651 1.307906 -0.342545 0.741687 -1.009478 -0.913515 -0.230528
-0.031251 0.149024 0.150310 0.473180 1.182912 1.299579 -0.343131 0.752612 -0.996031 -0.878346 -0.229660
-0.032754 0.149204 0.153345 0.477197 1.182915 1.293436 -0.344118 0.760669 -0.985108 -0.853691 -0.229226
-0.033978 0.149103 0.154639 0.479736 1.183451 1.290126 -0.345587 0.765713 -0.977023 -0.839186 -0.229157
-0.034886 0.148699 0.154065 0.481521 1.184194 1.290309 -0.347691 0.768090 -0.971539 -0.833359 -0.229454
-0.035491 0.148158 0.152318 0.481511 1.185424 1.291549 -0.349925 0.768021 -0.968819 -0.833403 -0.229894
-0.035807 0.147583 0.149486 0.479563 1.187121 1.295960 -0.352538 0.765354 -0.968733 -0.842701 -0.230902
-0.035832 0.146990 0.145605 0.475826 1.189187 1.304512 -0.355526 0.760483 -0.970920 -0.859520 -0.232423
-0.035645 0.146422 0.141164 0.469667 1.191856 1.316664 -0.358731 0.754187 -0.974560 -0.882089 -0.234373
-0.035299 0.146004 0.136173 0.460510 1.195270 1.333190 -0.362261 0.745307 -0.980394 -0.912884 -0.237100
-0.034852 0.145848 0.130983 0.448857 1.199264 1.354822 -0.366272 0.733835 -0.988136 -0.950984 -0.240687
-0.034370 0.146012 0.125786 0.434742 1.203787 1.379526 -0.370411 0.720312 -0.997248 -0.993001 -0.244854
-0.033923 0.146553 0.120590 0.418265 1.208782 1.407056 -0.374703 0.704273 -1.007837 -1.038773 -0.249706
-0.033564 0.147515 0.115410 0.399730 1.214120 1.430908 -0.379161 0.685146 -1.020053 -1.088396 -0.255316
-0.033306 0.148863 0.110358 0.378808 1.219838 1.449298 -0.383791 0.663599 -1.033359 -1.140678 -0.261546
-0.033149 0.150554 0.105094 0.356111 1.225664 1.463529 -0.388861 0.639122 -1.047804 -1.195924 -0.268433
-0.033112 0.152454 0.099929 0.331411 1.231608 1.471028 -0.394057 0.612424 -1.062741 -1.251493 -0.275777
-0.033165 0.154546 0.094857 0.304793 1.237510 1.471416 -0.399364 0.583850 -1.077998 -1.308298 -0.283793
-0.033294 0.156809 0.089961 0.276187 1.243187 1.465399 -0.404475 0.553866 -1.093421 -1.355167 -0.292894
-0.033483 0.159085 0.085490 0.246628 1.248425 1.450485 -0.409770 0.524466 -1.107843 -1.390763 -0.302565
-0.033726 0.161364 0.081563 0.216710 1.253175 1.426010 -0.414883 0.496896 -1.120736 -1.414971 -0.312518
-0.033978 0.163560 0.078083 0.187517 1.257323 1.394635 -0.420040 0.471641 -1.132135 -1.431131 -0.322813
-0.034228 0.165612 0.075213 0.156285 1.260928 1.354233 -0.425119 0.444917 -1.143176 -1.436711 -0.332720
-0.034478 0.167555 0.072691 0.123532 1.263969 1.310109 -0.430389 0.416874 -1.153496 -1.430424 -0.341973
-0.034721 0.169456 0.070430 0.088629 1.266294 1.265488 -0.435217 0.386656 -1.163516 -1.413532 -0.350649
-0.034945 0.171219 0.068456 0.051591 1.267850 1.220264 -0.439593 0.354520 -1.173050 -1.383271 -0.359725
-0.035153 0.172917 0.066683 0.012786 1.268516 1.172172 -0.444076 0.320476 -1.181999 -1.339550 -0.369154
-0.035349 0.174538 0.065007 -0.026588 1.268255 1.123906 -0.448335 0.289065 -1.189771 -1.286247 -0.379007
-0.035519 0.176011 0.063605 -0.066561 1.266898 1.073749 -0.452679 0.254718 -1.197311 -1.238744 -0.386178
-0.035673 0.177363 0.062365 -0.106808 1.264643 1.023654 -0.456853 0.215832 -1.204769 -1.190498 -0.392477
-0.035819 0.178610 0.061190 -0.147910 1.261526 0.972824 -0.460933 0.170619 -1.212194 -1.142103 -0.397134
-0.035952 0.179850 0.060018 -0.192853 1.256935 0.921471 -0.464229 0.118230 -1.219567 -1.092348 -0.400297
-0.036075 0.181084 0.058797 -0.236936 1.251088 0.871148 -0.467304 0.061552 -1.224966 -1.040578 -0.402725
-0.036158 0.182234 0.057830 -0.279746 1.244251 0.823712 -0.469799 0.006723 -1.228572 -0.985174 -0.406604
-0.036198 0.183287 0.057111 -0.321475 1.235959 0.777529 -0.472161 -0.045275 -1.230569 -0.931788 -0.410491
-0.036195 0.184285 0.056671 -0.361976 1.226236 0.732746 -0.474391 -0.093416 -1.231209 -0.884634 -0.413339
-0.036156 0.185131 0.056501 -0.399247 1.215987 0.693176 -0.476098 -0.137573 -1.230641 -0.839080 -0.416769
-0.036084 0.185842 0.056621 -0.433669 1.205615 0.656906 -0.477621 -0.181239 -1.230061 -0.793452 -0.420397
-0.036006 0.186514 0.056740 -0.464802 1.195338 0.620131 -0.479895 -0.219555 -1.228862 -0.744613 -0.427042
-0.035924 0.187167 0.056868 -0.492519 1.185709 0.583329 -0.482894 -0.251625 -1.227171 -0.697866 -0.435131
-0.035747 0.187768 0.056136 -0.515824 1.177148 0.546632 -0.486975 -0.277677 -1.225055 -0.650564 -0.445560
-0.035477 0.188263 0.054544 -0.535230 1.168240 0.510722 -0.492159 -0.297691 -1.222801 -0.606415 -0.456508
-0.035072 0.188653 0.052038 -0.552582 1.158331 0.475708 -0.498067 -0.315722 -1.218945 -0.564285 -0.467546
-0.034533 0.188934 0.048622 -0.568702 1.147215 0.443579 -0.503831 -0.336908 -1.213056 -0.525861 -0.476915
-0.033866 0.189079 0.044282 -0.582323 1.135468 0.414427 -0.509569 -0.362179 -1.204271 -0.485889 -0.486189
-0.033166 0.189119 0.039880 -0.594846 1.121720 0.389904 -0.515087 -0.391079 -1.192321 -0.444301 -0.495651
-0.032432 0.189129 0.035414 -0.606051 1.107437 0.364821 -0.521203 -0.423264 -1.176751 -0.405572 -0.503826
-0.031631 0.189168 0.030810 -0.616395 1.092715 0.339039 -0.527773 -0.456245 -1.160029 -0.368717 -0.511273
-0.030764 0.189237 0.026066 -0.626064 1.076505 0.319393 -0.533842 -0.490003 -1.142151 -0.333475 -0.517781
-0.029833 0.189352 0.021179 -0.636162 1.058185 0.303597 -0.539236 -0.524134 -1.123704 -0.299031 -0.523296
-0.028932 0.189543 0.017015 -0.647383 1.038470 0.288851 -0.543591 -0.557320 -1.105124 -0.266021 -0.527718
-0.028063 0.189814 0.013573 -0.656852 1.018482 0.275721 -0.547784 -0.589578 -1.085136 -0.232972 -0.532869
-0.027330 0.190120 0.010994 -0.664366 0.998236 0.264028 -0.551807 -0.615145 -1.065301 -0.203428 -0.538877
-0.026729 0.190465 0.009250 -0.669722 0.978499 0.248896 -0.556601 -0.634355 -1.045555 -0.178309 -0.545360
-0.026257 0.190865 0.008339 -0.672824 0.958920 0.232722 -0.562180 -0.646986 -1.026296 -0.157882 -0.552199
-0.025817 0.191292 0.007406 -0.672448 0.940973 0.214709 -0.568726 -0.654252 -1.007338 -0.141776 -0.559196
-0.025411 0.191791 0.006443 -0.670716 0.922709 0.197568 -0.575115 -0.656283 -0.990320 -0.128419 -0.566118
-0.025084 0.192313 0.005551 -0.667836 0.903803 0.180650 -0.581402 -0.657141 -0.972883 -0.116359 -0.572291
-0.024844 0.192884 0.004774 -0.663568 0.885300 0.161221 -0.587471 -0.656553 -0.954551 -0.106528 -0.577936
-0.024686 0.193487 0.004132 -0.657927 0.867304 0.141919 -0.593375 -0.654879 -0.934739 -0.099798 -0.582906
-0.024529 0.194080 0.003659 -0.651008 0.848358 0.123754 -0.598828 -0.652144 -0.913131 -0.096736 -0.587129
-0.024341 0.194581 0.003363 -0.643295 0.830099 0.104936 -0.603575 -0.648465 -0.891451 -0.094546 -0.590292
-0.024042 0.195006 0.003144 -0.634495 0.812569 0.085559 -0.607407 -0.643613 -0.869231 -0.093835 -0.592733
-0.023607 0.195349 0.002970 -0.624779 0.794957 0.067915 -0.610347 -0.637760 -0.847308 -0.093244 -0.594324
-0.022995 0.195595 0.002833 -0.614240 0.777485 0.048962 -0.612166 -0.630916 -0.826139 -0.092068 -0.595036
-0.022248 0.195788 0.002714 -0.602868 0.760083 0.029248 -0.613110 -0.623182 -0.806171 -0.089518 -0.594858
-0.021386 0.195908 0.002625 -0.590853 0.742480 0.009093 -0.612945 -0.614808 -0.786213 -0.087204 -0.593673
-0.020333 0.196008 0.002645 -0.578158 0.724262 -0.009928 -0.612079 -0.605593 -0.766066 -0.085584 -0.591783
-0.019053 0.196035 0.002814 -0.564912 0.705452 -0.027939 -0.610430 -0.595715 -0.746225 -0.083832 -0.588990
-0.017577 0.195989 0.003134 -0.551084 0.685998 -0.045808 -0.607874 -0.585471 -0.727075 -0.081153 -0.585066
-0.015955 0.195887 0.003592 -0.536932 0.666347 -0.062347 -0.604473 -0.575179 -0.709044 -0.076621 -0.579721
-0.014217 0.195818 0.004180 -0.522160 0.645836 -0.078230 -0.600229 -0.564722 -0.691692 -0.070836 -0.573231
-0.012421 0.195786 0.004789 -0.507761 0.625775 -0.094830 -0.594468 -0.555061 -0.676609 -0.060634 -0.564647
-0.010629 0.195779 0.005489 -0.493083 0.605480 -0.110882 -0.587678 -0.544844 -0.661973 -0.049341 -0.555320
-0.008894 0.195813 0.006302 -0.478561 0.585486 -0.126591 -0.579598 -0.534181 -0.647743 -0.036926 -0.545058
-0.007245 0.195845 0.007212 -0.464496 0.566263 -0.144090 -0.569714 -0.523118 -0.633750 -0.023579 -0.533801
-0.005635 0.195858 0.008257 -0.450891 0.547755 -0.161441 -0.558863 -0.511640 -0.620052 -0.009283 -0.521483
-0.004190 0.195763 0.009390 -0.437824 0.530340 -0.178949 -0.547284 -0.498640 -0.604959 0.002449 -0.509107
-0.002929 0.195600 0.010429 -0.424895 0.513286 -0.197126 -0.533685 -0.485372 -0.589795 0.014880 -0.495519
-0.001809 0.195360 0.011308 -0.412142 0.496545 -0.214597 -0.518733 -0.471603 -0.574171 0.027375 -0.481030
-0.000856 0.195081 0.011956 -0.399570 0.480071 -0.232046 -0.501704 -0.457128 -0.557695 0.038162 -0.466646
-0.000095 0.194757 0.012306 -0.387141 0.463911 -0.250831 -0.482049 -0.441043 -0.539261 0.045528 -0.452419
0.000509 0.194456 0.012433 -0.373153 0.445400 -0.264181 -0.461078 -0.423732 -0.519227 0.050459 -0.437941
0.000957 0.194220 0.012354 -0.359451 0.426769 -0.275805 -0.438229 -0.406459 -0.499043 0.055610 -0.422044
0.001245 0.194094 0.012078 -0.345468 0.407287 -0.285064 -0.413319 -0.388853 -0.478399 0.059858 -0.405103
0.001434 0.194093 0.011671 -0.330655 0.386166 -0.287286 -0.387588 -0.370589 -0.457108 0.063592 -0.386730
0.001505 0.194196 0.011128 -0.314979 0.363425 -0.280878 -0.361366 -0.352209 -0.435886 0.066194 -0.368223
0.001536 0.194444 0.010371 -0.298963 0.340071 -0.274357 -0.332271 -0.335062 -0.416282 0.072747 -0.347663
0.001532 0.194837 0.009502 -0.282937 0.316958 -0.265722 -0.302641 -0.317976 -0.396908 0.080283 -0.326229
0.001495 0.195374 0.008589 -0.267154 0.294422 -0.256259 -0.272577 -0.301278 -0.378095 0.090721 -0.303766
0.001422 0.196015 0.007688 -0.251883 0.272828 -0.245433 -0.243598 -0.284526 -0.359503 0.103987 -0.279935
0.001360 0.196835 0.006813 -0.236006 0.251241 -0.229794 -0.215306 -0.268678 -0.342331 0.126916 -0.254113
0.001306 0.197763 0.006053 -0.221173 0.232027 -0.213916 -0.188322 -0.252603 -0.325528 0.154712 -0.228324
0.001300 0.198778 0.005378 -0.205714 0.213508 -0.191028 -0.162872 -0.236205 -0.309114 0.183909 -0.203480
0.001372 0.199872 0.004805 -0.189442 0.195810 -0.155221 -0.139507 -0.219379 -0.293138 0.215185 -0.179245
0.001544 0.201051 0.004308 -0.172137 0.179088 -0.096727 -0.117475 -0.202669 -0.278260 0.252378 -0.156315
0.001812 0.202279 0.003918 -0.154486 0.164155 -0.022969 -0.097018 -0.185263 -0.263743 0.294789 -0.133990
0.002162 0.203547 0.003651 -0.135958 0.149942 0.079034 -0.080165 -0.167540 -0.249802 0.349795 -0.113157
0.002591 0.204858 0.003530 -0.116566 0.136667 0.191453 -0.066320 -0.148827 -0.236369 0.421831 -0.094263
0.003091 0.206217 0.003500 -0.096033 0.124137 0.295011 -0.055187 -0.128743 -0.223246 0.486176 -0.078123
0.003644 0.207621 0.003544 -0.074171 0.112155 0.383351 -0.046473 -0.107554 -0.210848 0.537056 -0.064740
0.004241 0.209045 0.003735 -0.052141 0.101731 0.452399 -0.041773 -0.085800 -0.199349 0.582290 -0.054545
0.004898 0.210568 0.004050 -0.029029 0.092205 0.513744 -0.039043 -0.063702 -0.188716 0.616710 -0.046639
0.005582 0.212183 0.004502 -0.006361 0.083989 0.565244 -0.037828 -0.040955 -0.178937 0.637843 -0.040456
0.006285 0.213880 0.005071 0.015761 0.077443 0.596736 -0.038497 -0.018105 -0.170346 0.645922 -0.036246
0.007009 0.215695 0.005769 0.036791 0.072871 0.597792 -0.040364 0.004849 -0.162638 0.636071 -0.034025
0.007731 0.217670 0.006521 0.057296 0.069571 0.572923 -0.042256 0.028082 -0.155730 0.610461 -0.033597
0.008441 0.219754 0.007303 0.077278 0.067638 0.510577 -0.045313 0.052410 -0.149316 0.559320 -0.035676
0.009118 0.222004 0.008097 0.096975 0.066810 0.428061 -0.049876 0.075993 -0.143741 0.487688 -0.038663
0.009743 0.224433 0.008927 0.115851 0.066973 0.348084 -0.055093 0.098323 -0.138954 0.420262 -0.041534
0.010313 0.227005 0.009782 0.133863 0.067986 0.281978 -0.059949 0.118910 -0.134941 0.366845 -0.043400
0.010807 0.229723 0.010646 0.150914 0.069769 0.232557 -0.063661 0.138747 -0.131462 0.311036 -0.045286
0.011215 0.232562 0.011486 0.166470 0.072322 0.189376 -0.066723 0.157782 -0.128567 0.261270 -0.046837
0.011548 0.235479 0.012288 0.181357 0.075450 0.151397 -0.069127 0.175504 -0.126195 0.221353 -0.048247
0.011800 0.238389 0.013011 0.195145 0.078996 0.126405 -0.070299 0.192243 -0.124346 0.190439 -0.049606
0.011955 0.241227 0.013629 0.207794 0.082878 0.104774 -0.071741 0.208393 -0.122986 0.169440 -0.051130
0.012019 0.243964 0.014145 0.219284 0.086989 0.090297 -0.073368 0.222825 -0.122248 0.160017 -0.052327
0.012001 0.246643 0.014595 0.229520 0.091264 0.088963 -0.073883 0.235011 -0.122199 0.163212 -0.052194
0.011917 0.249106 0.014954 0.238157 0.095523 0.100014 -0.072735 0.246060 -0.122684 0.170510 -0.051924
0.011791 0.251355 0.015276 0.245660 0.099815 0.120448 -0.070372 0.256214 -0.123571 0.179774 -0.052140
0.011643 0.253449 0.015615 0.252038 0.104093 0.148910 -0.067420 0.265795 -0.124918 0.188299 -0.053389
0.011502 0.255246 0.015987 0.257396 0.108308 0.181145 -0.064298 0.274355 -0.126735 0.200024 -0.054718
0.011370 0.256696 0.016431 0.261809 0.112452 0.215819 -0.061383 0.281894 -0.128975 0.211968 -0.056786
0.011256 0.257831 0.016958 0.265376 0.116512 0.251512 -0.058968 0.288447 -0.131559 0.224888 -0.059019
0.011147 0.258683 0.017594 0.268050 0.120506 0.283863 -0.057413 0.293737 -0.134483 0.239610 -0.061335
0.011034 0.259244 0.018320 0.269865 0.124430 0.318203 -0.055753 0.297426 -0.137564 0.255226 -0.063316
0.010929 0.259531 0.019130 0.270912 0.128267 0.350494 -0.054170 0.300092 -0.140735 0.268585 -0.065322
0.010836 0.259559 0.019976 0.271321 0.131933 0.379922 -0.052671 0.301879 -0.143900 0.279336 -0.067691
0.010741 0.259377 0.020894 0.271046 0.135605 0.405886 -0.051404 0.302621 -0.147050 0.287808 -0.070388
0.010648 0.258958 0.021814 0.270115 0.139104 0.426750 -0.050403 0.302490 -0.150258 0.294283 -0.073249
0.010557 0.258321 0.022701 0.268693 0.142379 0.439499 -0.049789 0.301573 -0.153356 0.298582 -0.076288
0.010448 0.257529 0.023571 0.266871 0.145402 0.447936 -0.049497 0.300041 -0.156240 0.299972 -0.079566
0.010325 0.256595 0.024400 0.264747 0.148184 0.447944 -0.050014 0.297987 -0.158912 0.300908 -0.082580
0.010183 0.255573 0.025201 0.261890 0.150707 0.443262 -0.050617 0.295131 -0.161472 0.301951 -0.085711
0.010039 0.254484 0.025979 0.258426 0.152941 0.432778 -0.051522 0.291419 -0.163854 0.303380 -0.088846
0.009902 0.253334 0.026753 0.254233 0.154882 0.417016 -0.052739 0.286840 -0.166228 0.305780 -0.092076
0.009778 0.252119 0.027508 0.249230 0.156544 0.396011 -0.054408 0.281317 -0.168650 0.309744 -0.095451
0.009658 0.250787 0.028271 0.243213 0.157981 0.372456 -0.056032 0.274697 -0.171212 0.315226 -0.099026
0.009560 0.249385 0.028987 0.236911 0.159049 0.345665 -0.058028 0.267774 -0.173661 0.320492 -0.102602
0.009468 0.247851 0.029684 0.230112 0.159814 0.317194 -0.060181 0.260443 -0.176019 0.325374 -0.106281
0.009380 0.246170 0.030366 0.222704 0.160316 0.288656 -0.062224 0.252575 -0.178335 0.329989 -0.110080
0.009305 0.244451 0.030990 0.214729 0.160585 0.260385 -0.063984 0.243981 -0.180681 0.334328 -0.114110
0.009243 0.242767 0.031543 0.206361 0.160638 0.236749 -0.064942 0.234820 -0.183018 0.337629 -0.118404
0.009202 0.241097 0.031995 0.198035 0.160489 0.207058 -0.067011 0.224981 -0.185354 0.340607 -0.122802
0.009154 0.239358 0.032419 0.190359 0.160280 0.174779 -0.070234 0.214859 -0.187605 0.342977 -0.127225
0.009095 0.237570 0.032805 0.182242 0.159880 0.143098 -0.073324 0.204685 -0.189708 0.344529 -0.131656
0.008985 0.235674 0.033220 0.173605 0.159325 0.111476 -0.076614 0.194733 -0.191564 0.346008 -0.135712
0.008829 0.233721 0.033655 0.164625 0.158615 0.078352 -0.080583 0.185163 -0.193137 0.347649 -0.139279
0.008614 0.231707 0.034140 0.154726 0.157786 0.048060 -0.083396 0.175879 -0.194540 0.349656 -0.142488
0.008380 0.229930 0.034550 0.143943 0.156798 0.021212 -0.084864 0.166333 -0.195849 0.351557 -0.145613
0.008026 0.228213 0.035056 0.132777 0.155869 -0.006547 -0.087123 0.156727 -0.196960 0.353435 -0.148576
0.007579 0.226504 0.035635 0.121072 0.154954 -0.035126 -0.089916 0.147094 -0.197915 0.354768 -0.151599
0.007032 0.224735 0.036295 0.108387 0.153991 -0.065341 -0.093460 0.136998 -0.198793 0.355511 -0.154805
0.006391 0.222867 0.037044 0.094427 0.152926 -0.090638 -0.096664 0.126720 -0.199560 0.355506 -0.158113
0.005685 0.220965 0.037806 0.078635 0.151620 -0.112110 -0.099238 0.116466 -0.200290 0.355397 -0.161237
0.004952 0.218893 0.038502 0.063639 0.150396 -0.131764 -0.102967 0.106368 -0.201038 0.355299 -0.164203
0.004222 0.216694 0.039083 0.049252 0.149241 -0.148479 -0.107118 0.096383 -0.201827 0.354466 -0.167324
0.003495 0.214338 0.039565 0.035742 0.148203 -0.162329 -0.111500 0.086597 -0.202641 0.352764 -0.170689
0.002730 0.211679 0.039962 0.023530 0.147383 -0.175955 -0.117263 0.076849 -0.203459 0.350409 -0.174376
0.001878 0.208442 0.040388 0.012316 0.146813 -0.190086 -0.125585 0.067745 -0.204146 0.348030 -0.178060
0.001092 0.205004 0.040588 0.001461 0.146228 -0.201836 -0.133717 0.058931 -0.204867 0.345553 -0.181815
0.000353 0.201373 0.040600 -0.008289 0.145731 -0.211593 -0.143126 0.050494 -0.205609 0.343619 -0.185413
-0.000330 0.197470 0.040418 -0.016989 0.145390 -0.219547 -0.153716 0.042796 -0.206331 0.342218 -0.188798
-0.000920 0.193439 0.040060 -0.024597 0.145225 -0.225665 -0.165643 0.035804 -0.207062 0.341217 -0.191973
-0.001405 0.189226 0.039537 -0.030617 0.145342 -0.230354 -0.178408 0.029320 -0.207808 0.339925 -0.195277
-0.001810 0.184957 0.038960 -0.036524 0.145571 -0.234577 -0.191706 0.023245 -0.208530 0.338350 -0.198649
-0.002115 0.180648 0.038360 -0.042023 0.145929 -0.238463 -0.205212 0.017578 -0.209242 0.336512 -0.202062
-0.002341 0.176372 0.037746 -0.047126 0.146396 -0.242122 -0.219210 0.012286 -0.209942 0.334568 -0.205458
-0.002435 0.172268 0.037141 -0.052134 0.146882 -0.245680 -0.233541 0.007158 -0.210696 0.332516 -0.208835
-0.002407 0.168434 0.036544 -0.056678 0.147459 -0.249507 -0.246890 0.002236 -0.211487 0.330440 -0.212147
-0.002313 0.164676 0.036053 -0.060542 0.148204 -0.253570 -0.260597 -0.002240 -0.212209 0.328241 -0.215378
-0.002184 0.160993 0.035648 -0.064339 0.149046 -0.258225 -0.273283 -0.006207 -0.212816 0.325978 -0.218529
-0.002017 0.157476 0.035358 -0.067640 0.149948 -0.262867 -0.284674 -0.009815 -0.213246 0.323586 -0.221481
-0.001876 0.153993 0.035149 -0.070476 0.151004 -0.267535 -0.294675 -0.012843 -0.213394 0.321211 -0.224136
-0.001759 0.150692 0.035037 -0.073299 0.152111 -0.271869 -0.303988 -0.015552 -0.213245 0.318796 -0.226445
-0.001681 0.147618 0.034995 -0.076004 0.153254 -0.275933 -0.311613 -0.018006 -0.212791 0.316486 -0.228310
-0.001640 0.144819 0.035024 -0.078580 0.154416 -0.279580 -0.318178 -0.020317 -0.212020 0.314247 -0.229625
-0.001620 0.142276 0.035088 -0.081382 0.155583 -0.283066 -0.323498 -0.022438 -0.210985 0.312163 -0.230399
-0.001623 0.140031 0.035170 -0.084313 0.156703 -0.286296 -0.327576 -0.024507 -0.209723 0.310116 -0.230674
-0.001624 0.138041 0.035240 -0.087213 0.157718 -0.289065 -0.330785 -0.026407 -0.208289 0.308222 -0.230408
-0.001613 0.136300 0.035273 -0.090062 0.158589 -0.291491 -0.332607 -0.028133 -0.206724 0.306414 -0.229662
-0.001572 0.134799 0.035285 -0.092907 0.159320 -0.293660 -0.333302 -0.029773 -0.205043 0.304710 -0.228389
-0.001511 0.133551 0.035269 -0.095803 0.159921 -0.295627 -0.333140 -0.031245 -0.203287 0.303005 -0.226763
-0.001406 0.132499 0.035188 -0.098485 0.160282 -0.297194 -0.331500 -0.032427 -0.201487 0.301482 -0.224788
-0.001270 0.131583 0.035025 -0.101001 0.160418 -0.298569 -0.328067 -0.033367 -0.199657 0.300187 -0.222585
-0.001098 0.130749 0.034795 -0.103310 0.160321 -0.299611 -0.323543 -0.034044 -0.197816 0.299277 -0.220191
-0.000895 0.129950 0.034472 -0.105325 0.159962 -0.300400 -0.317669 -0.034346 -0.195995 0.298782 -0.217757
-0.000650 0.129134 0.034059 -0.106948 0.159313 -0.300999 -0.310292 -0.034337 -0.194177 0.298815 -0.215226
-0.000372 0.128310 0.033586 -0.108319 0.158471 -0.301674 -0.301954 -0.034029 -0.192349 0.299269 -0.212641
-0.000059 0.127497 0.033079 -0.109450 0.157445 -0.302463 -0.292772 -0.033467 -0.190500 0.300093 -0.209978
0.000285 0.126709 0.032549 -0.110351 0.156251 -0.303463 -0.282744 -0.032673 -0.188616 0.301157 -0.207232
0.000654 0.125934 0.031987 -0.111030 0.154871 -0.304538 -0.271884 -0.031665 -0.186694 0.302519 -0.204338
0.001048 0.125161 0.031370 -0.111502 0.153293 -0.305632 -0.260063 -0.030462 -0.184735 0.304187 -0.201259
0.001457 0.124462 0.030746 -0.111711 0.151548 -0.306614 -0.247769 -0.029156 -0.182747 0.306190 -0.197931
0.001872 0.123816 0.030150 -0.111668 0.149694 -0.307459 -0.235356 -0.027754 -0.180726 0.308549 -0.194326
0.002288 0.123221 0.029524 -0.111292 0.147691 -0.308183 -0.222675 -0.026293 -0.178684 0.311449 -0.190400
0.002699 0.122690 0.028879 -0.110603 0.145624 -0.308785 -0.210226 -0.024817 -0.176628 0.314949 -0.186148
0.003095 0.122246 0.028236 -0.109505 0.143489 -0.309382 -0.198058 -0.023369 -0.174565 0.319236 -0.181555
0.003477 0.121841 0.027565 -0.108055 0.141273 -0.310120 -0.185892 -0.021934 -0.172517 0.324534 -0.176640
0.003845 0.121475 0.026826 -0.106195 0.138949 -0.311115 -0.173570 -0.020558 -0.170538 0.331422 -0.171403
0.004188 0.121152 0.026097 -0.103988 0.136598 -0.312267 -0.161446 -0.019221 -0.168629 0.339884 -0.165908
0.004506 0.120879 0.025401 -0.101378 0.134201 -0.313792 -0.149373 -0.017928 -0.166817 0.350190 -0.160201
0.004799 0.120664 0.024737 -0.098436 0.131826 -0.315411 -0.137697 -0.016674 -0.165126 0.362396 -0.154346
0.005066 0.120515 0.024096 -0.095160 0.129497 -0.316987 -0.126492 -0.015451 -0.163559 0.376501 -0.148406
0.005313 0.120433 0.023527 -0.091517 0.127180 -0.318501 -0.115584 -0.014206 -0.162098 0.392014 -0.142466
0.005544 0.120450 0.023044 -0.087567 0.124924 -0.319537 -0.105322 -0.012961 -0.160751 0.408232 -0.136701
0.005762 0.120577 0.022657 -0.083290 0.122691 -0.320207 -0.095498 -0.011695 -0.159498 0.425337 -0.131052
0.005976 0.120816 0.022397 -0.078749 0.120524 -0.319932 -0.086405 -0.010383 -0.158321 0.442931 -0.125585
0.006187 0.121174 0.022292 -0.074096 0.118443 -0.319465 -0.077996 -0.009002 -0.157208 0.460515 -0.120365
0.006392 0.121640 0.022337 -0.069527 0.116525 -0.318958 -0.070553 -0.007560 -0.156132 0.477221 -0.115518
0.006598 0.122205 0.022475 -0.064785 0.114693 -0.317114 -0.063890 -0.006009 -0.155100 0.493877 -0.110913
0.006801 0.122855 0.022687 -0.059951 0.113001 -0.313281 -0.058234 -0.004340 -0.154109 0.509219 -0.106726
0.007002 0.123583 0.022979 -0.055125 0.111428 -0.308886 -0.053239 -0.002613 -0.153173 0.523337 -0.102941
0.007198 0.124357 0.023349 -0.050108 0.109954 -0.300823 -0.049189 -0.000743 -0.152281 0.535365 -0.099646
0.007392 0.125168 0.023695 -0.044925 0.108564 -0.289285 -0.046014 0.001281 -0.151444 0.545535 -0.096791
0.007575 0.125974 0.024050 -0.039939 0.107327 -0.276741 -0.043555 0.003399 -0.150662 0.553992 -0.094319
0.007742 0.126747 0.024402 -0.035262 0.106249 -0.263433 -0.041790 0.005666 -0.149928 0.559833 -0.092345
0.007901 0.127532 0.024740 -0.030610 0.105289 -0.248882 -0.040642 0.008069 -0.149240 0.562439 -0.090914
0.008053 0.128336 0.025045 -0.026030 0.104430 -0.233359 -0.039952 0.010496 -0.148621 0.562477 -0.089942
0.008196 0.129186 0.025347 -0.021344 0.103633 -0.216336 -0.039619 0.012970 -0.148055 0.560221 -0.089362
0.008332 0.130093 0.025638 -0.016754 0.102914 -0.199087 -0.039540 0.015392 -0.147553 0.554979 -0.089265
0.008466 0.131066 0.025931 -0.012286 0.102255 -0.182175 -0.039630 0.017705 -0.147125 0.547721 -0.089540
0.008588 0.132041 0.026175 -0.008104 0.101673 -0.165068 -0.040006 0.020006 -0.146746 0.538478 -0.090186
0.008699 0.133031 0.026352 -0.004501 0.101194 -0.151393 -0.040272 0.022183 -0.146431 0.528152 -0.091115
0.008800 0.134060 0.026519 -0.001449 0.100831 -0.141120 -0.040451 0.024106 -0.146211 0.517151 -0.092313
0.008897 0.135121 0.026679 0.001359 0.100520 -0.132290 -0.040589 0.025893 -0.146071 0.505733 -0.093738
0.008988 0.136245 0.026810 0.004020 0.100247 -0.124653 -0.040668 0.027385 -0.146041 0.494832 -0.095293
0.009066 0.137382 0.026912 0.006211 0.100044 -0.119188 -0.040664 0.028549 -0.146127 0.485123 -0.096911
0.009125 0.138528 0.026990 0.008034 0.099905 -0.115287 -0.040743 0.029438 -0.146312 0.476351 -0.098592
0.009167 0.139629 0.027038 0.009306 0.099830 -0.113517 -0.040886 0.030075 -0.146584 0.468520 -0.100310
0.009190 0.140678 0.027032 0.009952 0.099839 -0.114590 -0.041036 0.030473 -0.146934 0.461589 -0.102058
0.009195 0.141656 0.026976 0.009991 0.099939 -0.118785 -0.041253 0.030691 -0.147330 0.455514 -0.103782
0.009192 0.142624 0.026925 0.009718 0.100088 -0.125543 -0.041504 0.030685 -0.147778 0.450297 -0.105447
0.009189 0.143578 0.026920 0.009204 0.100256 -0.133995 -0.041861 0.030487 -0.148271 0.445717 -0.107064
0.009182 0.144507 0.026900 0.008386 0.100426 -0.143816 -0.042314 0.030162 -0.148797 0.441567 -0.108647
0.009169 0.145431 0.026860 0.007334 0.100572 -0.154219 -0.042883 0.029691 -0.149338 0.437708 -0.110194
0.009153 0.146338 0.026832 0.006073 0.100680 -0.164747 -0.043684 0.029143 -0.149876 0.433775 -0.111748
0.009133 0.147223 0.026789 0.004595 0.100771 -0.175578 -0.044754 0.028548 -0.150392 0.429650 -0.113308
0.009105 0.148074 0.026700 0.003015 0.100837 -0.185970 -0.046214 0.027934 -0.150868 0.425240 -0.114880
0.009069 0.148906 0.026599 0.001541 0.100956 -0.196436 -0.048240 0.027299 -0.151304 0.420529 -0.116479
0.009026 0.149705 0.026498 0.000224 0.101111 -0.206231 -0.050885 0.026652 -0.151709 0.415630 -0.118110
0.008978 0.150469 0.026382 -0.000937 0.101297 -0.215032 -0.054185 0.025971 -0.152101 0.410758 -0.119772
0.008934 0.151192 0.026261 -0.001911 0.101533 -0.223039 -0.058153 0.025242 -0.152490 0.405924 -0.121466
0.008900 0.151877 0.026132 -0.002717 0.101857 -0.230923 -0.062768 0.024451 -0.152879 0.401242 -0.123176
0.008885 0.152515 0.026037 -0.003376 0.102213 -0.238275 -0.067815 0.023585 -0.153275 0.396940 -0.124833
0.008873 0.153109 0.025955 -0.003916 0.102624 -0.245653 -0.073264 0.022631 -0.153684 0.393315 -0.126361
0.008858 0.153653 0.025881 -0.004340 0.103105 -0.252975 -0.079121 0.021622 -0.154094 0.390075 -0.127834
0.008843 0.154154 0.025828 -0.004637 0.103645 -0.260109 -0.085207 0.020573 -0.154519 0.387302 -0.129249
0.008835 0.154602 0.025803 -0.004837 0.104220 -0.267038 -0.091291 0.019517 -0.154962 0.385037 -0.130580
0.008820 0.155007 0.025788 -0.005057 0.104762 -0.272723 -0.097554 0.018487 -0.155407 0.383020 -0.131901
0.008820 0.155357 0.025817 -0.005299 0.105273 -0.277364 -0.103995 0.017500 -0.155851 0.381125 -0.133225
0.008852 0.155656 0.025891 -0.005567 0.105731 -0.281306 -0.110119 0.016518 -0.156308 0.379673 -0.134390
0.008901 0.155897 0.025982 -0.005871 0.106074 -0.283865 -0.116117 0.015553 -0.156762 0.378506 -0.135456
0.008953 0.156086 0.026082 -0.006212 0.106295 -0.285001 -0.121945 0.014611 -0.157202 0.377535 -0.136452
0.009006 0.156226 0.026162 -0.006507 0.106459 -0.285487 -0.127459 0.013666 -0.157628 0.376809 -0.137364
0.009109 0.156315 0.026241 -0.006929 0.106538 -0.285499 -0.132640 0.012724 -0.158064 0.376124 -0.138258
0.009254 0.156356 0.026315 -0.007484 0.106544 -0.285319 -0.137392 0.011837 -0.158495 0.375508 -0.139134
0.009443 0.156346 0.026365 -0.008157 0.106463 -0.284853 -0.141597 0.011016 -0.158910 0.375057 -0.139939
0.009667 0.156248 0.026428 -0.009043 0.106303 -0.284196 -0.145352 0.010232 -0.159312 0.374752 -0.140679
0.009943 0.156055 0.026513 -0.010139 0.106055 -0.283637 -0.148281 0.009495 -0.159711 0.374761 -0.141286
0.010228 0.155777 0.026592 -0.011276 0.105740 -0.283039 -0.150391 0.008795 -0.160076 0.375130 -0.141735
0.010495 0.155417 0.026668 -0.012511 0.105385 -0.282298 -0.151999 0.008188 -0.160373 0.375417 -0.142178
0.010755 0.154976 0.026761 -0.013880 0.105034 -0.281965 -0.152810 0.007668 -0.160605 0.375746 -0.142539
0.011018 0.154492 0.026846 -0.015303 0.104694 -0.282065 -0.152874 0.007241 -0.160783 0.376361 -0.142771
0.011274 0.153970 0.026929 -0.016787 0.104368 -0.282381 -0.152568 0.006920 -0.160883 0.377134 -0.142901
0.011495 0.153404 0.026986 -0.018192 0.104091 -0.282922 -0.151885 0.006721 -0.160882 0.378316 -0.142889
0.011692 0.152803 0.027021 -0.019470 0.103847 -0.283664 -0.150854 0.006574 -0.160815 0.380399 -0.142639
0.011864 0.152174 0.027029 -0.020598 0.103637 -0.284481 -0.149781 0.006491 -0.160665 0.383190 -0.142206
0.012018 0.151548 0.026978 -0.021447 0.103487 -0.285456 -0.148571 0.006484 -0.160422 0.386474 -0.141624
0.012158 0.150933 0.026860 -0.021954 0.103394 -0.286528 -0.147250 0.006537 -0.160101 0.390173 -0.140913
0.012306 0.150350 0.026692 -0.022266 0.103330 -0.287733 -0.145801 0.006634 -0.159742 0.394143 -0.140121
0.012464 0.149801 0.026462 -0.022239 0.103299 -0.288839 -0.144344 0.006779 -0.159337 0.397988 -0.139287
0.012630 0.149280 0.026201 -0.021825 0.103310 -0.289768 -0.142931 0.006957 -0.158910 0.401643 -0.138459
0.012803 0.148758 0.025927 -0.021126 0.103342 -0.290439 -0.141644 0.007160 -0.158463 0.404867 -0.137668
0.012980 0.148236 0.025648 -0.020197 0.103408 -0.290954 -0.140441 0.007407 -0.158014 0.407571 -0.136966
0.013156 0.147726 0.025408 -0.019014 0.103514 -0.291233 -0.139362 0.007684 -0.157550 0.409463 -0.136377
0.013337 0.147203 0.025199 -0.017705 0.103646 -0.291420 -0.138314 0.007998 -0.157080 0.410403 -0.135920
0.013514 0.146684 0.025030 -0.016334 0.103805 -0.291624 -0.137178 0.008309 -0.156632 0.410557 -0.135589
0.013682 0.146180 0.024895 -0.014950 0.103984 -0.291836 -0.136102 0.008612 -0.156212 0.410089 -0.135362
0.013834 0.145689 0.024803 -0.013594 0.104182 -0.292042 -0.135079 0.008878 -0.155813 0.409125 -0.135196
0.013975 0.145192 0.024735 -0.012286 0.104393 -0.292210 -0.134112 0.009109 -0.155430 0.407798 -0.135050
0.014097 0.144706 0.024712 -0.011130 0.104611 -0.292403 -0.133120 0.009284 -0.155092 0.406525 -0.134888
0.014205 0.144238 0.024703 -0.010139 0.104821 -0.292566 -0.132145 0.009427 -0.154781 0.405345 -0.134691
0.014295 0.143780 0.024722 -0.009318 0.105013 -0.292676 -0.131024 0.009536 -0.154505 0.404366 -0.134454
0.014370 0.143337 0.024754 -0.008653 0.105162 -0.292626 -0.129749 0.009621 -0.154270 0.403617 -0.134180
0.014434 0.142902 0.024786 -0.008150 0.105254 -0.292417 -0.128332 0.009688 -0.154091 0.403248 -0.133876
0.014483 0.142488 0.024820 -0.007737 0.105303 -0.292024 -0.126773 0.009735 -0.153948 0.403146 -0.133546
0.014518 0.142081 0.024869 -0.007385 0.105318 -0.291468 -0.125116 0.009767 -0.153829 0.403228 -0.133192
0.014543 0.141679 0.024936 -0.007097 0.105300 -0.290777 -0.123370 0.009783 -0.153743 0.403546 -0.132822
0.014556 0.141284 0.025022 -0.006863 0.105265 -0.290081 -0.121559 0.009782 -0.153690 0.404177 -0.132433
0.014561 0.140907 0.025123 -0.006687 0.105226 -0.289497 -0.119689 0.009768 -0.153673 0.405144 -0.132041
0.014556 0.140539 0.025228 -0.006560 0.105183 -0.289000 -0.117882 0.009756 -0.153678 0.406247 -0.131654
0.014542 0.140197 0.025331 -0.006495 0.105147 -0.288686 -0.116149 0.009743 -0.153717 0.407385 -0.131295
0.014520 0.139886 0.025424 -0.006466 0.105131 -0.288689 -0.114420 0.009737 -0.153780 0.408412 -0.130972
0.014489 0.139604 0.025510 -0.006452 0.105137 -0.289027 -0.112731 0.009731 -0.153854 0.409198 -0.130693
0.014445 0.139364 0.025591 -0.006440 0.105166 -0.289717 -0.111033 0.009727 -0.153934 0.409609 -0.130471
0.014389 0.139141 0.025656 -0.006419 0.105208 -0.290759 -0.109350 0.009727 -0.154029 0.409773 -0.130323
0.014327 0.138933 0.025700 -0.006381 0.105256 -0.292186 -0.107672 0.009725 -0.154138 0.409728 -0.130259
0.014255 0.138736 0.025723 -0.006311 0.105297 -0.293742 -0.106120 0.009722 -0.154254 0.409478 -0.130289
0.014175 0.138550 0.025729 -0.006215 0.105323 -0.295395 -0.104689 0.009726 -0.154375 0.408945 -0.130426
0.014085 0.138362 0.025720 -0.006104 0.105338 -0.297171 -0.103386 0.009735 -0.154498 0.408133 -0.130659
0.013992 0.138191 0.025705 -0.005983 0.105337 -0.299045 -0.102138 0.009749 -0.154628 0.407145 -0.130982
0.013891 0.138026 0.025692 -0.005856 0.105314 -0.301051 -0.100890 0.009766 -0.154748 0.405988 -0.131369
0.013784 0.137860 0.025680 -0.005739 0.105275 -0.303201 -0.099725 0.009782 -0.154860 0.404720 -0.131800
0.013674 0.137682 0.025665 -0.005637 0.105223 -0.305412 -0.098640 0.009797 -0.154971 0.403437 -0.132254
0.013570 0.137489 0.025643 -0.005554 0.105155 -0.307539 -0.097669 0.009802 -0.155088 0.402207 -0.132712
0.013461 0.137301 0.025632 -0.005477 0.105083 -0.309635 -0.096809 0.009795 -0.155194 0.400975 -0.133156
0.013352 0.137118 0.025628 -0.005397 0.105009 -0.311452 -0.096116 0.009777 -0.155305 0.399808 -0.133577
0.013248 0.136944 0.025629 -0.005332 0.104943 -0.313171 -0.095477 0.009750 -0.155425 0.398719 -0.133973
0.013139 0.136781 0.025637 -0.005281 0.104891 -0.314846 -0.094867 0.009712 -0.155545 0.397769 -0.134342
0.013026 0.136631 0.025651 -0.005238 0.104850 -0.316451 -0.094278 0.009666 -0.155654 0.396911 -0.134680
0.012909 0.136480 0.025658 -0.005185 0.104816 -0.318090 -0.093713 0.009615 -0.155754 0.396226 -0.134992
0.012788 0.136317 0.025650 -0.005119 0.104794 -0.319708 -0.093179 0.009563 -0.155842 0.395703 -0.135279
0.012658 0.136145 0.025629 -0.005003 0.104773 -0.321033 -0.092706 0.009509 -0.155908 0.395372 -0.135543
0.012526 0.135965 0.025595 -0.004826 0.104741 -0.322266 -0.092266 0.009453 -0.155962 0.395263 -0.135786
0.012388 0.135777 0.025551 -0.004584 0.104693 -0.323440 -0.091845 0.009393 -0.156003 0.395436 -0.136010
0.012249 0.135575 0.025497 -0.004313 0.104635 -0.324349 -0.091475 0.009333 -0.156033 0.395798 -0.136209
0.012103 0.135369 0.025447 -0.004018 0.104566 -0.325184 -0.091122 0.009275 -0.156053 0.396340 -0.136384
0.011951 0.135158 0.025404 -0.003714 0.104485 -0.325992 -0.090757 0.009222 -0.156063 0.397049 -0.136539
0.011793 0.134937 0.025371 -0.003400 0.104395 -0.326358 -0.090436 0.009181 -0.156068 0.397897 -0.136675
0.011625 0.134706 0.025353 -0.003079 0.104307 -0.326321 -0.090160 0.009156 -0.156072 0.398895 -0.136801
0.011453 0.134460 0.025352 -0.002745 0.104229 -0.325834 -0.089921 0.009154 -0.156068 0.400024 -0.136920
0.011280 0.134211 0.025373 -0.002390 0.104161 -0.324875 -0.089725 0.009173 -0.156059 0.401319 -0.137037
0.011108 0.133955 0.025413 -0.002033 0.104116 -0.323775 -0.089548 0.009219 -0.156046 0.402755 -0.137150
0.010936 0.133703 0.025471 -0.001687 0.104105 -0.322520 -0.089403 0.009287 -0.156011 0.404211 -0.137258
0.010768 0.133457 0.025543 -0.001366 0.104130 -0.321172 -0.089294 0.009377 -0.155952 0.405641 -0.137353
0.010679 0.133331 0.025588 -0.001215 0.104126 -0.320412 -0.089220 0.009414 -0.155946 0.406467 -0.137411
0.010586 0.133197 0.025641 -0.001073 0.104142 -0.319489 -0.089165 0.009465 -0.155933 0.407281 -0.137478
0.010490 0.133062 0.025699 -0.000927 0.104181 -0.318290 -0.089150 0.009531 -0.155903 0.408049 -0.137550
0.010395 0.132926 0.025755 -0.000769 0.104241 -0.317224 -0.089139 0.009610 -0.155857 0.408745 -0.137625
